obj_0,obj_1,obj_2,obj_3,obj_4,obj_5,obj_6,obj_7,obj_8,obj_9,var_0,var_1,var_2,var_3,var_4,var_5,var_6,var_7,var_8,var_9,var_10,var_11
0.0,0.27223982859828777,0.0,0.0,0.033501180294482215,0.013400846769007043,0.10407388125217958,0.050262252356883155,0.0007364516865161037,0.030965902794280614,0.04508764939668598,0.19189805210477295,0.9560027885926135,0.9834276333854124,0.8823822568808617,0.8725965502495748,0.5033562909248018,0.28300469406505435,0.8540252119659029,0.25096147500714217,0.3670704774379898,0.4476343159667008
0.04696401521457427,0.002349960891326979,0.05473202144402956,0.8392060371770612,0.008482505639967127,0.006659424565046978,0.0077515434145238645,0.0033605927988236235,0.0054847055706086275,0.025009193284037765,0.014104299405126258,0.002889767580933738,0.0018748662067126602,0.004327018617773192,0.0037162529569820316,0.004719101022827597,0.9601343738607204,0.5476305519608794,0.03170704587838474,0.37055584432227917,0.1716822478463518,0.3724141155974255
0.9034276556268598,0.1385824959652952,0.13958427068840268,0.2729714111931172,0.0007031406381048916,0.008044987900514335,0.13465111718930942,0.005341903948822351,0.36357068624659133,0.009426016333392285,0.0058554659817909305,0.2111526108964023,0.00341109968430596,0.08629484099909135,0.0051860333727806185,0.0004518761261775303,0.2447142471408226,0.09633205639908426,0.09653570317741315,0.26795039400092885,0.5015636890315706,0.5105087779107185
0.005515933495687126,0.9499986525951106,0.025971007385617983,0.3793667208173108,0.024006769378240273,0.0031482949237926394,0.07312810763610636,0.006257473662742107,0.0018245351306777698,0.09666530140625679,0.057394178097079654,0.0010227563697901548,0.0037141805653326245,0.04346425938509024,0.0018735200153607804,0.014243337927576205,0.31961425293077655,0.01743744526508373,0.9962895064017208,0.3704092584353849,0.5645037299529845,0.26455772817275697
0.1757374322080811,0.00903378880899625,0.11599854257611242,0.20199474107167464,0.031860658762700785,0.0009021346592438511,0.012849812661048367,0.023601040464231504,0.15991133690287704,0.005377969105405294,0.0036011551639798037,0.7708379949898962,0.04412357500293914,0.023997117000340018,0.0016485401423158496,0.05640412077493917,0.5547912924416538,0.3039341868039038,0.07894053996675554,0.5003051400100593,0.6116027479227909,0.4536257881905445
0.9754556951572156,0.018367718644879006,0.08007559266004678,0.0017085989350040238,0.05077550262069402,0.021339952994421058,0.11293464059886886,0.3654586634957861,0.005559286122847553,0.059628616850978054,0.034548725158373816,0.018683678013025007,0.22557523838831556,0.07268324197476686,0.013213303698217715,0.030823528072473336,0.002475844765849479,0.04335643988646679,0.03170704587838474,0.5843112525575405,0.1861138757292396,0.46870050639233213
0.0015146459529157008,0.000944916603826848,0.05763849743655747,0.35767015066304886,0.7918451611764192,0.007516805262286265,0.018958872111326366,0.06407518894723727,0.0012704049325839653,0.014077546168930812,0.009063588651357424,0.004699252536696988,0.04222615408492276,0.01247339080591147,0.004753195433078283,0.5611382750160434,0.9490433366376312,0.9614636907211217,0.6393488864366014,0.47253062132520735,0.6110661210978426,0.528741596857831
0.005379711093690823,0.0003662097781623578,0.0056813014187098035,0.00012145081845408848,0.00020806466781261675,0.8540181922886235,0.054345487168802165,0.5195710135072267,0.004564783622537752,0.005985986946953787,0.003983529211134752,0.017014557985077786,0.3611599498893658,0.042335371237729236,0.9939605556396037,0.01619324226303647,0.012847556566312257,0.43836986552653157,0.10413613122836185,0.43862073664250534,0.5872715739107658,0.5543897247470213
0.07582332684460463,0.41868576189411516,0.14010297204173597,0.1619701181520397,0.004397033657601043,0.7187776266660718,0.10271741713835911,0.15226719239242836,0.0065241969749271975,0.018586535248729184,0.011854260550490464,0.0038621899075269098,0.10097471131802713,0.06553923719900266,0.5139774355113054,0.004057603659730779,0.20703411463506283,0.1357233370234131,0.9250424679030381,0.5302345301811924,0.5863488294226143,0.5639818057622242
0.015439664092086726,0.2515481245024495,0.06966773586785222,0.15767057609951649,0.048321926054208875,0.6943812452305047,0.0523565079739844,0.1611404096161285,0.0008141084229146724,0.017323610219336753,0.010969339534555148,0.002999727021561623,0.10533940976870187,0.034457352979623275,0.4817466211915672,0.041458949908996984,0.18674413256854755,0.057261203056558685,0.983887759916213,0.43439247820489185,0.5167014086725286,0.6466984585692426
0.13919146484940925,0.010310171704260096,0.4600322139063404,0.24048482672674285,0.0023470866639753478,0.5441497459233738,0.0687962172854126,0.031818134694350485,0.00010594884391370805,0.017139325316809183,0.010000910486151732,0.009937050653060542,0.019080567918111968,0.04091528983675656,0.3894812191218292,0.0019243217581762506,0.5259108657302209,0.8000664956568159,0.12618078617352255,0.2750489193541181,0.2343620869545922,0.5640550307798826
1.9184122397760598e-07,2.0056403534363682e-05,1.4665515071795095e-05,2.5001615886755884e-05,0.00023597213517800227,0.001312768617538879,0.07136131335068681,0.982022846983464,0.3413985795076126,0.12055091932982243,0.07074738643561837,0.19189805210477295,0.9560027885926135,0.9881039463153948,0.8848458127457723,0.8725965502495748,0.5033562909248018,0.28300469406505435,0.9960226178939569,0.239422540478898,0.3670704774379898,0.559735527006174
0.06646157471498748,0.002163911813775342,0.0045509914496148825,0.7609465941688991,0.05001469227104022,0.021144110756585534,0.009770051439506313,0.36357731004315824,0.03441777550019731,0.05972159494414591,0.034548725158373816,0.018683678013025007,0.22487557493688742,0.006007267117605117,0.01299321548557205,0.030661807431829363,0.959466670706336,0.04335643988646679,0.03170704587838474,0.5843112525575405,0.1861138757292396,0.5071029764774919
4.140083497895446e-05,2.6477522730263527e-06,0.0035982749125955693,0.013047676048696203,0.505811181612001,0.0327014277584582,0.0020372155032455123,1.0402122943130825,0.001277589312125995,0.0006198155674911713,0.0009086684499569619,0.0017263078568082596,0.580154003884561,0.0023539844297012225,0.03940360650645742,0.98559643143786,0.9596126151401319,0.9871624843907807,0.011085814394317939,0.20246631660698394,0.7681869526467041,0.5555019676479357
0.8773328294066586,0.0054082538098629085,0.0078231294229238,0.024506704886281976,0.0008126226639640027,0.038776338598057,0.03591052928533172,0.008458802812695421,0.0009463945824407034,2.4394531784047743e-05,0.0002452953718929396,0.003551754385079625,0.005606474209669088,0.02373768068072013,0.024520702286978988,0.0005089173678552231,0.020858473435754532,0.004483023646363875,0.009514559568465551,0.5170556485112369,0.5655315857816504,0.4479540370817766
0.5720069869871408,0.0940387347221482,0.05019749373195752,0.4458616918231121,0.05458052492085775,0.0023430492677162648,0.6431393914046714,0.10207051048210707,0.00044073003835913023,0.009519300668100682,0.00587555026102078,0.0002497566755007755,0.06134203564242299,0.41714432435385673,0.0017818488549398044,0.0414087582020036,0.5154976048544585,0.05490691121191199,0.10334432835503948,0.45973210618783866,0.514001637836454,0.25783357275036645
0.0462062979718997,0.2582048728994551,0.038873688959185596,0.5622822901730269,0.03073898677609555,0.019617603924458778,0.1691813661861026,0.06721076248016439,0.017022598939395697,0.007836687137361985,0.004887862299026162,0.019929160014350578,0.04211413259039207,0.1075086445232564,0.011889153763104121,0.018550115663110503,0.5175505753001594,0.03307452850638254,0.960135202222858,0.24812363753722888,0.5020456742770231,0.5647656387310895
0.07696548321025407,0.22975111694257114,0.02331337159299898,0.06838908339807707,0.024196194668922175,0.008726315726819147,0.0006557724165066296,0.5437038711282406,0.000307018620707841,0.5831370398859717,0.377374470619685,0.0013404127415198204,0.4576189344584783,0.0006698834942403357,0.008537943880100526,0.023396367722046785,0.09019847376176629,0.020837645702822316,0.9125963701135307,0.4583623334588729,0.30124765334277914,0.4476343159667008
0.004010375730955904,0.13645752950272821,0.10838412931407872,0.20343458041132748,0.005932363426757855,0.009245359592993548,0.013085834131038126,0.026447775751650703,0.9984031320189477,0.00015335651810127838,0.0002678568132079562,0.7659576213037254,0.04889234446083923,0.023089979288267212,0.016311279634586867,0.010438814763815751,0.5547912924416538,0.3039341868039038,0.9877806442254314,0.5018218048653299,0.5702569820890501,0.4536257881905445
0.010835767304818392,0.0008278942108941444,0.4765284909165703,0.030117109040982557,0.004041959748346367,0.48692006228637785,0.03819036960731172,0.01266903131556111,0.0013535280330322838,0.6293031131821727,0.44712162488760654,0.009636086689481516,0.009699641331157357,0.03287183004526811,0.5048206175766795,0.005871426783730274,0.12803691159222494,0.9795506622588721,0.10000918041333849,0.2297717052213999,0.6048855524878467,0.2335453902214637
0.0022631279730187088,0.00011083514285748465,0.0032101566441272342,0.023613449358299555,0.573845915236658,0.26555198216179465,0.6435476147526831,0.005550726150333198,0.0025969939271712618,0.5825777892541089,0.3652968768084393,0.0017263078568082596,0.004115978686139332,0.5061648088047364,0.27623534764886915,0.9641289980535174,0.9234135910479443,0.6074364767727182,0.04764339259177597,0.46633509663679934,0.7630760265179866,0.5553625700374375
0.6358491750435771,0.019864094225550834,0.05385022837382934,0.07281925276806266,0.009716544470116625,0.011542404800596094,0.6137503802291178,0.33004410396959805,0.0010051172008507406,0.05468662906167882,0.03422635213371608,0.0036863859562112937,0.21983943317433197,0.46470534899389226,0.010276133699721038,0.008504269056616609,0.11658942881430587,0.04335643988646679,0.05001760787631715,0.4546990318783685,0.3677226161609682,0.56648371137174
0.043216791960193374,0.0019700269589265637,0.8170378913352623,0.3321849282964924,0.04908228499301319,0.0021031256395736514,0.6910747593743077,0.09296960905397354,0.00014743488600682512,0.03606326405852163,0.022759409672416242,0.0005707600807089001,0.060038123789229195,0.45797208648486626,0.0017818488549398044,0.036244297134099636,0.49800065010505934,0.9374068868190285,0.06653970396201098,0.4624728615389157,0.49988185676586533,0.6483819108658802
0.0007967908752869492,0.0016734781337703227,0.08663467591656404,0.5468937896422285,0.3599825075139303,0.00777212280925201,0.0197375122376007,0.0009246981620163988,0.006098177560662999,0.0009268400099352251,0.0007849477836601136,0.021860053946569633,0.0005903378033707725,0.012561351942627398,0.004753195433078283,0.22040749628403533,0.9499032239080878,0.9610103080428787,0.8811245182251828,0.4716704348580651,0.7114645975963502,0.528741596857831
0.4728827969233993,0.0022588451098383535,0.07589679079727081,0.10082766857928083,0.27497092086940533,0.005245321105973025,0.1009704413717418,0.5852547169809241,1.6491044356954553e-05,0.010552176014562431,0.007056746416150588,0.0017392742353464939,0.42556007995782913,0.08620454487892724,0.0051860333727806185,0.27352830304275977,0.2622694520255794,0.09633205639908426,0.008244969816852854,0.5042291425455674,0.5213671998316046,0.5105087779107185
0.0006851795183136392,0.0015524912565510196,0.003504776412410294,4.1031879452699515e-05,0.0097893304128403,0.6089433848218232,0.053861407268996374,0.030664088752331935,0.0001592324107540834,0.885443345371979,0.5634266539562719,0.023188133465926047,0.028566514821696948,0.04979834400562627,0.9879279076912157,0.6398851231173612,0.010008104688094543,0.42203175836788975,0.8972782148135778,0.4529681786900865,0.12831443203636494,0.5644362005121604
0.001565318803928791,5.096496534534206e-05,0.00010717163611825769,0.010727810400560417,0.6487920248341763,0.006142111954146585,0.6888271483842893,0.6261699736514705,0.012768679023038094,0.0019217008115675345,0.0012119779546429597,0.006646943929208841,0.38703127357842704,0.5200875855289399,0.006042594258363794,0.98559643143786,0.9324476603077532,0.04335063466750588,0.03170704587838474,0.3691835728409476,0.15685528317030198,0.37228047142651666
0.035473715065797704,0.00359923551799646,0.048787738644775716,0.3617792018293304,0.5724521417509904,0.7675842740253114,0.061532963630513984,0.027846704144124396,0.008127729019925008,0.018917654996721475,0.011323871711862414,0.0045168225527280345,0.017265137932652774,0.03636360489269913,0.5051675824039971,0.5455065667168346,0.922981655568742,0.5953445133011145,0.09810535453056973,0.4475390366550289,0.5097139939547629,0.22496381255174236
0.5466074649424634,0.06995039182216596,0.02799159566595116,0.038889939029871326,0.34084914506029534,0.06767577831343576,0.02803493194076865,0.013472715489956759,0.013258476666437573,0.02133734580518168,0.016765974358116595,0.07521920134673712,0.008310000352293245,0.022879348093125584,0.052632445897265734,0.2881490586085671,0.10448002190347612,0.023266755520180593,0.052991739679282876,0.18882563093275537,0.4074218409506014,0.44169577684386213
0.000975638434458674,9.119929603092007e-05,0.00225401864138968,0.013234669161833882,0.6549876974122609,0.5878619811334872,0.020099879947471862,0.5462719948274946,0.0007293397773184968,0.005175164324217191,0.003627552375532833,0.0028811623784300673,0.3819565937111802,0.015018840359765064,0.5030308983680349,0.9764096205359541,0.9430309436375767,0.5623245835414256,0.13489668051253603,0.532891013667277,0.5124865794945813,0.4672352825117029
0.02096049938964973,0.0015074845366647872,0.016440209056608365,0.4729929922683599,0.034928367311575614,0.0063216779983335195,0.32695567050408847,0.0017055419400754846,0.02447948192243003,0.7742174192942997,0.5223790686573874,0.020330719242823744,0.0015806399681492292,0.2995176587305922,0.006255854974331954,0.03448289002325078,0.9738638910566282,0.42074970437495335,0.06981543807038759,0.26675216729823564,0.5231630660512706,0.5590827142917871
0.0011062861510342924,2.183314595853621e-05,8.541863591363546e-05,0.00860418787299271,0.968216083967707,0.009042157036263576,0.006896008309754921,0.0031726608375969596,0.0012617661251641198,0.0015935979176144165,0.0011903927029599613,0.007114618445580677,0.0018748662067126602,0.004327018617773192,0.006042594258363794,0.98559643143786,0.9601343738607204,0.04335063466750588,0.03170704587838474,0.3691835728409476,0.1712224085424946,0.37228047142651666
0.19244445525949913,0.006628223787090582,0.47492676639226794,0.2219221341302849,0.05371133617522396,0.17841964238737357,0.1379885306977468,0.5270773148282007,0.002623719122961629,0.036953716237674905,0.021086203512655253,0.01492821289299559,0.32875870428791276,0.1009044826990749,0.1396944112513266,0.042550462814832594,0.49610506514907016,0.7255761570943489,0.055199278403530866,0.2807243647987637,0.3351696679468188,0.2618469697131558
0.006959656846831163,0.030144688862392303,0.026665272554814445,0.4400435477796473,0.02048281666612434,0.27736831722783306,0.02429641520807341,0.044275739469898295,0.017591307320531165,0.029171934182316863,0.017499663103456856,0.06079785021899645,0.027604138176637767,0.015105885319468916,0.16681077524432478,0.012377989558712367,0.9461633027219869,0.1719981593099022,0.9446175284519007,0.4744331480766343,0.5097480290314492,0.22496381255174236
0.14372985505127672,0.6641549810784807,0.10349231025690775,0.06389842252058572,0.0006388676461609876,0.6419561703502445,0.48159171321470784,0.00928784769004669,0.019400710011588607,0.007862053741352121,0.004909342230906,0.011058644227211971,0.005606474209669088,0.3020845409185088,0.47993796628002755,0.0005929977447330188,0.08093180384149068,0.09640963740394808,0.8638172605700858,0.5330344896693685,0.7294512042409986,0.4759413267903331
0.022132531453388886,0.0014088093875168676,0.5553619936047235,0.006095010347425737,0.029489543373859953,0.01755469121574906,0.8498696420386251,0.030160011723266145,0.000350049791824716,0.009640299009809833,0.006251620101733413,0.0012891936316775264,0.01977738762333614,0.6755265659284682,0.022541771403954972,0.0373054553767832,0.014042455002494847,0.9682212188339304,0.10126048209914851,0.457261600868622,0.6015428908786289,0.4215294155722581
0.0072906315654496295,0.43827787152248515,0.006824240109419699,0.03131462183458538,0.02823838199470383,0.06871847097279227,0.04465690628902434,0.008333374329604506,0.02415942461722215,0.10859252745172515,0.05646516542265209,0.02465889189855093,0.004549839063277522,0.024579923855023545,0.035761212381765,0.014646852802709852,0.022135797329369572,0.0034303508303956676,0.9962895064017208,0.223159577936958,0.18686657286061725,0.26584284997550756
7.261454331690496e-06,2.395000702577763e-07,2.229005602352474e-05,0.00013307611238875066,0.006130098160278977,0.00016740174537845554,0.005750616609401008,0.9755019790167946,0.04497843156102224,0.010129105052139634,0.0064557109921998534,0.026297996036792344,0.9947835378431676,0.4805475529616029,0.017423162782107482,0.9810454361569005,0.9190506008733907,0.7987731625534652,0.03211881296461817,0.4410677929471504,0.5142578500420193,0.6469271666296071
0.008304184643909937,0.0019460628356000231,0.23475465066440881,0.029146479282053883,0.7107539806332696,0.011238842493595764,0.07421331510253237,0.004369757157235176,0.00022629889800862094,0.006635111834192592,0.0058144819180310165,0.0013756212513827094,0.0028175903082767254,0.06317978943447478,0.009347039632852105,0.8016769615682751,0.2447142471408226,0.9682304395456783,0.09653570317741315,0.26635984885631236,0.5015559232326613,0.47004085718387223
0.00012300765831295616,6.3034472413743185e-06,0.0011504701411017221,0.012692799560790195,0.5119840192366353,0.49005867932839264,0.002629477695030833,0.46375050436276377,9.674644185690016e-05,0.5499409315094823,0.3670519007920119,6.872825763109408e-05,0.36918786140955584,0.0023658324392108535,0.48687385602703626,0.9784826743655359,0.9577704303286456,0.9319930693944175,0.032470488018431,0.5342342313328837,0.4286264775860543,0.4475145885721457
0.029172731006030198,0.286780313371412,0.6199505298434862,0.007011057785904125,0.000963455045574124,0.12166112825661385,0.004638217602753657,0.03692327744807808,0.01385679106802781,0.12388150344012928,0.07821488203249688,0.017219766217621942,0.024544012238801094,0.0031089580687190116,0.07721142638923817,0.0006117494599775378,0.006064733560728383,0.40870621112114525,0.9773188566968328,0.4468912544718389,0.5872715739107658,0.5543897247470213
0.0005015416583481092,1.82141820619683e-05,0.0004847327444521265,0.01815075990061233,0.964246236313789,0.00931167918459212,0.4626333394966489,0.001260191943500011,0.00578563316230947,0.014848952078918365,0.009068708996165593,0.020330719242823744,0.0007886148927906678,0.2995176587305922,0.006255854974331954,0.9782053308110802,0.9862408851709183,0.42074970437495335,0.058102873737637506,0.26678782816767016,0.5688538763968611,0.591345547681263
0.0064878236797530735,0.7270704977893166,0.0060139998182641005,0.028164539184040386,0.026199948743675927,0.06148751740216022,0.042515724950793234,0.0038638776291766504,0.00048460473438018153,0.0977114660684395,0.05646516542265209,0.0002636426311502984,0.002344899680540376,0.024579923855023545,0.03556016176467393,0.015125675787654133,0.022135797329369572,0.0034303508303956676,0.9962895064017208,0.21339529736806792,0.47394010578639084,0.6517054646777558
0.5837911213069229,0.033805331105480646,0.03308413403123748,0.4839779588616143,0.05705294146996555,0.005836612652133124,0.04771718703073248,0.5843741266159578,0.0013798951402682943,0.009524089946895525,0.005877576530641448,0.0016108637710645346,0.38837654922011033,0.03664273942279614,0.004239254998050446,0.04127222214786746,0.5401464755626311,0.035121609233504984,0.10426990717584039,0.750994607488646,0.5141852434823516,0.4142117284335241
0.0002057610662460678,4.230093309067452e-06,2.179883987731549e-05,0.00019137081120400312,0.16926808045635258,0.0005144338616279066,0.2620340490686073,0.023414477947258587,0.1850313620444761,0.04038570079688174,0.022637861450593485,0.8184801201107655,0.04858465827590439,0.6507052593831233,0.002034580763302347,0.9986707072448615,0.5263254578221732,0.0530803590298532,0.03170704587838474,0.3102102664007595,0.17078579876763098,0.46426391514305315
0.020447557454727722,0.004481034179361698,0.025631182942194446,0.023836747694026966,0.9105632238387427,0.20270935265238452,0.14880351425417437,0.5356071419931205,0.005199349842241592,0.035663615360821806,0.021086203512655253,0.002881762076804727,0.32875870428791276,0.1009044826990749,0.1396944112513266,0.9677559038092854,0.49610506514907016,0.5635655253471826,0.13683446128887125,0.5303208192771791,0.3351696679468188,0.2618469697131558
0.015791795230527372,0.44475754783845034,0.3352978761885089,0.05865129224801167,0.03046582023823602,0.03693253393181493,0.487276432082909,0.668992278201525,1.9459424017228838e-05,0.12888545951216424,0.08192524045403324,1.1719179991884557e-05,0.46751054779613166,0.457149817137137,0.0421744283017609,0.03475059910510439,0.09144702623313956,0.4117244535016942,0.9773188566968328,0.44688950746340755,0.5096142806101567,0.44316409667618323
0.002908672159578785,0.00710770776975821,0.5633857491646671,0.045747970435298616,0.008855643678245177,0.5378740451209915,0.6242210216615681,0.0627791542458951,0.11710094016675275,0.012818001907027391,0.008303238831642148,0.07009274585212372,0.04211887940635536,0.43179669671368626,0.48818148783587034,0.010070566069552188,0.07094963032609478,0.9872400672723296,0.8337189200497438,0.5022830991610362,0.4574715501445021,0.46207234368448635
5.191156800021586e-05,0.00025461836324236644,4.067257633067387e-05,0.0007413541510335221,7.039541397976402e-05,0.0,5.395183498522152e-05,0.994550028357721,0.0005374210270438255,0.0036996467076633372,0.0024773035061682516,0.000643428784118094,0.999247180400644,0.029444556422126344,0.0009838651807995147,0.036170961645614674,0.6076637789339787,0.03506811721118583,0.9545997434775757,0.31027561105518353,0.514265353464479,0.4127511957984775
0.004402417465403977,0.2407014783998658,0.029204727299819856,0.11492872531608384,0.03129522471799425,0.0809602601473485,0.04560108575772098,0.08747900507639993,0.001415319151544217,0.7572740465351568,0.5099733505784001,0.007160438770642034,0.07978179729829252,0.04169175312300594,0.07104442182294685,0.027069506663251475,0.24311687583652405,0.024262663025578723,0.9956015626532989,0.2752691247697736,0.5237325718859567,0.5594231832880869
0.980551628001854,0.06729427572461423,0.4801389377925199,0.00269699457136694,0.001255972686143164,0.00279581444531225,0.0832339513262946,0.06024828318240635,0.011879372302605879,0.07797956899045289,0.04576810172965147,0.006553616737914763,0.03709926593194321,0.048917108718829566,0.0016452393060080173,0.0007369647191128488,0.0021535577645544063,0.2878389571298765,0.06664434214124748,0.2575501400743273,0.3316010445911573,0.4561904251945053
0.2596768647852056,0.015452336726265422,0.050399568407249296,0.014330344914948287,0.9657389902279999,0.009572434807267088,0.11237287487288974,0.04263608373667062,0.013271252086158786,0.0011616329126298759,0.0009667709433657072,0.01651856997235192,0.028388764108228368,0.07563840966550817,0.006115575422472612,0.8304059275406314,0.047203758990028155,0.11891348745647648,0.10709667518570015,0.4460731904492551,0.4970997808001765,0.46506002336309576
0.9004309879082013,0.00471554843607986,0.006420556269143774,0.3541514933061047,0.0003361794644192227,0.03893936930374182,0.1000392559750426,0.008444449858076804,0.0028623698124233847,2.4324834557756255e-05,0.0002452953718929396,0.003551754385079625,0.005602293551754855,0.06701623440617532,0.02473591041921204,0.00021271097441446802,0.3183786519449546,0.004483023646363875,0.009514559568465551,0.5008128348891221,0.5655315857816504,0.4466689152790261
0.06496249739578602,0.20254180702040164,0.12599885729753182,0.09553973773745615,0.0006018267423255127,0.016952684678508797,0.05851878515414732,0.6750942384643867,0.0001110769811005508,0.01212787749359662,0.007436264579912574,0.010810262672827746,0.45869342649856654,0.04804876905982336,0.015832203390974797,0.000564331977932978,0.2143794151808155,0.1357233370234131,0.9250424679030381,0.3066855419052892,0.30313261720450185,0.5908919138733666
0.005985856127144785,0.011985685177398857,0.9355329491723825,0.06542296461953997,0.5908366456579464,0.007536452778266869,0.06913828014736648,0.06439161672274415,0.005999945246583622,0.007402337020099129,0.004887862299026162,0.021860053946569633,0.04222615408492276,0.04528529487106914,0.004753195433078283,0.38729717226116295,0.11777446526912329,0.9736048172446493,0.8812915790057247,0.45486424549234916,0.6146127540738673,0.5647656387310895
0.05164165269478384,0.0023517345874088246,0.010613933583350717,0.36828936131943585,0.5545447479861954,0.04960678430164035,0.11183455097403563,0.6492988547055134,0.0006902611003803857,0.0008584386632715597,0.0007665317221647119,0.002571545747944842,0.46830353039841743,0.09935322687544726,0.042501522797330174,0.5302903516458801,0.9228609691090932,0.1018423324650631,0.07001011773629198,0.4831726313565273,0.5034162284734887,0.6200959756378682
0.14361840809303972,0.0045042157594063735,0.7279879464860661,0.11835749734064543,0.00036187368594319214,0.006256575866846123,0.019765104609132472,0.006411340836055469,0.03319307252615764,0.7378437855522593,0.49406976854564705,0.02653966875193707,0.005431190691130489,0.016755121095149823,0.005303338084513084,0.0003057998788048022,0.1371696698793614,0.8757429977192642,0.019883256018732587,0.27441743564667415,0.5238986810602303,0.5444028074276828
0.05589859969199181,0.002489611965699678,0.8453917002295763,0.3436611683365585,0.003333449103047148,0.053096939126335604,0.014302272150810853,0.08008160188761614,0.0019999463730882737,0.010509277179412352,0.006339140318298138,0.006764526137676774,0.04874742022667627,0.008693005344044102,0.03088940042722932,0.0019039818298803356,0.5260296963208497,0.9491601511251474,0.0747133198441306,0.26689008826995986,0.3021854166462488,0.5662595655122342
0.2002172971461142,0.5969354147639692,0.20844343814046667,0.007658089259998845,0.045969787673404476,0.023182501633222042,0.11088986121136712,0.3447914163470141,0.036763248471152345,0.007454863007823927,0.004819007612695935,0.02159717538184393,0.23107702242705602,0.07422987163764752,0.015580056529416846,0.030823528072473336,0.006993385794342333,0.13920165840194743,0.862696873327896,0.5813001941915947,0.6123637270342062,0.46762572270544966
0.18387894960563728,0.0008220442694061054,0.03913395681336592,0.2416803420383261,0.0006313267936496764,0.02937204056382374,0.052870343609693934,0.072167064601184,0.0011863721866427076,0.004257022883267359,0.0038898218155582554,0.007050225589127969,0.04622152775980908,0.044914243028017234,0.023942848804376877,0.0005441563609574016,0.7974895472600412,0.09633205639908426,0.0018562840191609364,0.2648918429891677,0.5677142350987473,0.5106834371578047
0.05272002996275841,0.22691882296260799,0.9018113740105291,0.27952916473174294,0.07218237534183024,0.0036100294738623494,0.07190471686726888,0.00892496943874488,0.0001327320598016072,0.018730017187736227,0.011003839902917015,0.00045447445342551747,0.005396917552179831,0.04338771424794216,0.002096798409058187,0.041308469905249307,0.22215544954994715,0.5798758320158728,0.9391846613483985,0.21332682246343038,0.4772205456292538,0.6466984585692426
0.7457135049366777,0.08368666378209655,0.14932412564827016,0.08514759485583426,0.000850037766697541,0.011908202201735314,0.4436030385246505,0.008525359117353968,0.0029701211686158275,0.007469803654081067,0.004909342230906,0.011058644227211971,0.005606474209669088,0.3020845409185088,0.00840228193203385,0.0005929977447330188,0.08093180384149068,0.09640963740394808,0.16913102915520473,0.5170556485112369,0.5240546099506732,0.3795104542484138
0.008105334536236032,0.03531074481391525,0.8690703851348504,0.019201442961397062,0.004864987666476609,0.10794431076368058,0.04638619013905485,0.03342132347822262,0.0015835607837414328,0.5287062189275176,0.3481089906240047,0.0010953553466269694,0.02448457793605258,0.03403457880272835,0.07945704984037491,0.0035887045713214995,0.019278675480876195,0.9735294847666168,0.8558250780118268,0.40482612580173394,0.5877333412726121,0.48248992164674553
0.0003132274180408284,0.7677167236361591,0.2575310586307401,0.1331732316498564,0.0048242570121641345,0.0035347731943091514,0.15978226087975295,0.034463858230278206,0.016156886879413784,0.01510888659569895,0.00807831298752363,0.007991470909306558,0.0190192008231609,0.0842509470894795,0.0018735200153607804,0.0025496134542939974,0.09614445753353454,0.13696749831431748,0.9998303425841533,0.21146843708040072,0.14272222823254843,0.47215588183508705
0.0001426001129321381,0.00041385330217109327,0.040994756943024284,0.7343155656082743,0.004319028482650284,0.023644181570502274,0.06525590633570827,0.07922990147304625,0.033412955832283105,0.007512477279265429,0.004938635030898766,0.019966812407117313,0.05289286255658479,0.041615796928042216,0.015091300347175342,0.0027492603052623257,0.9742279726820199,0.9898886652604362,0.8590676377921701,0.45041197883285283,0.5011317380043647,0.4768844416864721
0.0313251149723645,0.00041583192743125844,0.30638168555787826,0.03786288394680595,0.005981977718589452,0.025576437707892898,0.4501409692820718,0.013114529774242514,0.000478457268867326,0.6472925628238219,0.5368542479858859,0.004400961065135435,0.012953200949602646,0.5740388448458537,0.04980967682104003,0.01269660116290311,0.23940864302912876,0.909729333304201,0.017516297253882998,0.653231111170172,0.47007096194340936,0.4430921985430576
0.0380835908860086,0.3967292695879931,0.031729826458536795,0.46839549917919143,0.02704237810826599,0.01627199510235809,0.1503273242574105,0.5299227085115868,0.015171186858991294,0.017886763555977802,0.011026336338132462,0.008675807646389398,0.356392016899964,0.108313135216627,0.011831290390678356,0.0196109931879025,0.5175505753001594,0.03307452850638254,0.960135202222858,0.29858433277062074,0.5576355211732058,0.5647656387310895
1.416033285098583e-07,3.050198975001366e-07,4.442595117392547e-05,2.4511531477651307e-05,0.0022196311241228484,0.9824055949124075,0.003677669449714901,0.007099712218651487,1.9034653203369894e-05,0.004508973536022415,0.00276264026668388,0.0017263078568082596,0.004115978686139332,0.0021124542472641394,0.9985620138981602,0.97831414392949,0.5586779953347538,0.9871624843907807,0.8936124886406707,0.20246631660698394,0.7681869526467041,0.5555019676479357
0.021069386093953545,0.0010437560578078061,0.46134148945329667,0.08837648832598183,0.7687613841334111,0.5951771204601757,0.01296630686781598,0.06991523884279449,0.0061925643633328155,0.008147076387933005,0.0050968476267713725,0.021860053946569633,0.04398935263185215,0.008145371521576295,0.3794239360176949,0.6644059747777781,0.23392717032305882,0.9637719712351713,0.07906951090454806,0.274797443047666,0.5967652797459981,0.4500534105009265
0.0005367158062654271,0.0037080538376712473,0.6137863164337689,0.04943488212871638,0.019719116813565144,0.055771800843100676,0.5836953711035251,0.5444315836518897,0.004441946175149025,0.0032148339849568173,0.0023146027330281697,0.016470883831468254,0.3863047511242034,0.5319058857749708,0.06444906012769391,0.022437283061976065,0.13523271946707993,0.9877454031599846,0.9652256658109216,0.4861246104133126,0.5022819160623597,0.46412111920471255
0.1048666281546347,0.001357915067054008,0.008879143606393521,0.08232629749983379,0.0030116634363899814,0.0004832251267353779,0.23454059822773995,0.021184711329992854,0.5068162083979977,0.03653360915322816,0.022637861450593485,0.8184801201107655,0.04858465827590439,0.6507052593831233,0.002034580763302347,0.012575726543934684,0.5263254578221732,0.0530803590298532,0.023516730848433143,0.3102102664007595,0.5103351197396409,0.46426391514305315
1.7354606182513075,1.728411579689976,0.10257568698587365,0.03816232883082833,0.00043607837722410043,0.005324504889515277,0.08576253298298561,0.005116018584702202,0.0008528862712848289,0.006670103710533444,0.0058554659817909305,0.0013398652424848195,0.00341109968430596,0.08629484099909135,0.0051860333727806185,0.0004518761261775303,0.2447142471408226,0.09633205639908426,0.09653570317741315,0.26635984885631236,0.5015636890315706,0.5105087779107185
0.00048293164010963904,3.337290404574403e-06,0.02369751726842328,0.3814667891631699,0.02822210684304889,0.04243759176590735,0.005039302550595465,0.843859561316064,0.000515459123717061,0.029528429881273965,0.01698307684048156,0.0017263078568082596,0.580154003884561,0.0048880353938861865,0.03940360650645742,0.025866356931530332,0.9803505644579622,0.9839423257152343,0.011085814394317939,0.20161387278945236,0.32722187563885374,0.46461302415487477
0.7459132670281687,0.03652153422918611,0.07505080672979465,0.48535878971084584,0.4838315196140575,0.006745829477740291,0.04054652928771501,0.013685643896278401,0.002991780297080632,0.02895035003770055,0.0169479270081347,0.003397675051711971,0.008310000352293245,0.02482136443540056,0.003903403573129311,0.28842117137790757,0.4633953966402884,0.0624562133476837,0.08838869449024911,0.18882563093275537,0.5238528937215423,0.4416808338033546
0.48509930282348096,0.07555999221434131,0.6392405266332897,0.1299221574121906,0.020438242759956246,0.006813872324036681,0.05793248489988295,0.007021554859044811,0.012741719908215602,0.701430881547483,0.4509790322000008,0.009351466459928393,0.0054571098847858756,0.04508861926234509,0.0053104295939396615,0.01588151686731426,0.13850637282704892,0.5825828775425875,0.09800117181844886,0.4780134902162166,0.7713305663819451,0.5642257871652362
0.1102955454429955,0.5745447482762138,0.5092968232738011,0.07722895223622518,0.0018750656585240632,0.7389233895788053,0.02458816627092158,0.020848546445656875,0.00976851485638059,0.017783364854949895,0.010740907890423756,0.005487863253757949,0.012403091177901275,0.014639124918130674,0.4856109162132094,0.0015392757941152524,0.0865437703107036,0.45665849047894314,0.8788053736451495,0.49268544080830634,0.5088189474154875,0.2360004826224089
0.01442916860994903,0.0569371130823168,0.07213011147865019,0.019158558174581168,0.004869971307756458,0.012952247359124498,0.5939010105907536,0.013794249109285388,0.0072372477795100655,0.8123056286498196,0.5922759692264452,0.007163936934995993,0.015233793672164403,0.8770293330344763,0.07108003887839218,0.026767730363958075,0.1446289320950986,0.43502991179880823,0.8955665472550981,0.48233421161075385,0.5959052978917958,0.5600539985677782
0.009728340452072028,0.0006836008419627519,0.5011302789605803,0.03976741102452684,0.0004850951087700745,0.8723600796264287,0.06495874872232103,0.06312278371724377,0.05522505012162398,0.012791620583152676,0.008303238831642148,0.06858835745163495,0.04210845274972723,0.04377221098885728,0.6762846214690137,0.0006323273995443813,0.07076469172893014,0.9872400672723296,0.1260026361020245,0.5650030002760255,0.5239889649696648,0.5587166058590196
0.04354465991772516,0.000529894712058709,0.014213147535300898,0.013511020791548275,3.0046567816957576e-05,0.5229304783599104,0.9347076070662155,0.0024894944058534833,0.004454964601604013,0.003150591878792332,0.0022377008919883526,0.016813650511757525,0.001565377359497298,0.6656141245343167,0.9290864022302366,0.0002905260035987352,0.2447142471408226,0.11086175532142206,0.017823405153652938,0.2841678219594774,0.5500183578858476,0.5116826528691273
0.04632892001992379,0.138660978188293,5.770821639576165e-05,0.03383479135439992,0.29555206178175314,0.008746610153743789,0.05955886696444624,0.14206376061264886,0.010397712424016445,0.01622436765850246,0.012735002083508046,0.019852831483200974,0.0922704973261716,0.05135871076131439,0.009731305694368031,0.9018477002547708,0.7654248822525951,0.0002484523311787057,0.10768219623130754,0.7853493337728721,0.5011655461435331,0.6971838578498848
0.11118217730281126,0.4272973306504739,0.5475370675891542,0.012616465218527849,0.0360913308528378,0.09457421165456234,0.07213712323195146,0.5199692858176475,0.02904549108388859,0.006091363018361053,0.003983529211134752,0.017126683408019764,0.3611599498893658,0.053660740008497354,0.07061481302477085,0.026989015445730513,0.012847556566312257,0.43836986552653157,0.8928261256575443,0.43849653603517885,0.5983977589567482,0.5543897247470213
0.23784114337222545,0.0174713603352371,0.8185030673676692,0.0037098410173446914,0.0009670681369004316,0.022464889493932386,0.035581715295639436,0.02998635527794834,0.0035052109114095727,0.029073897897757616,0.016768703929336777,0.020049316080398717,0.017982047147829014,0.023997117000340018,0.015167625425120304,0.0007777305016698592,0.007819979507588615,0.7740425045744044,0.10510704836477795,0.8038228385360351,0.32147681252935134,0.5448971059894931
0.0004408351819528695,0.010124441134596623,0.014949708097848468,0.013382088518777927,0.27130410245668224,0.008228721986952844,0.012240459329600972,0.028133336775560968,0.09980028878835168,0.027900134810534615,0.016768703929336777,0.7659576213037254,0.04889234446083923,0.023997117000340018,0.016311279634586867,0.8924849140278502,0.5547912924416538,0.3039341868039038,0.9877806442254314,0.22695414261126434,0.5702569820890501,0.4536257881905445
0.0026824205177284426,0.006653012495657298,0.6143496208055113,0.05722264568669006,0.6443384026274152,0.019929665825592087,0.05394088357808375,0.6249106377156035,0.0028735452122571736,0.018280610046346242,0.011077109070005059,0.010062809163262576,0.41927222602704933,0.042420287621402555,0.015033436974749577,0.5415833187749306,0.11790949778227454,0.9782293854780504,0.8990048124677492,0.4482284794028732,0.5567215849005475,0.2446844186730816
0.00161619599305586,0.001809786013383496,0.002677181409691182,0.0033344972972409698,0.00012052680335477457,0.8581621743226309,0.059730146094218735,0.5640754944367333,0.024144940515320276,0.010385768685360411,0.006593331969946433,0.014106991135331043,0.36941057338428446,0.04425225804511068,0.9957234331605466,0.01326972158786277,0.5745591470219739,0.5314139156446517,0.534725385096716,0.5369096905557026,0.4074781628664754,0.36311683930328537
0.34085770032256546,0.23304216359620747,0.359828503120274,0.05575509897336145,0.027037441860913527,0.0011637290238175598,0.41761314939034183,0.09041389755878308,0.0002464502668376547,0.027343032362944823,0.022372453825578308,0.00039191754128481415,0.060038123789229195,0.45797208648486626,0.0017818488549398044,0.036244297134099636,0.5154976048544585,0.777220178895918,0.06653970396201098,0.4626956857283298,0.49926155663600913,0.2618469697131558
0.44644518786056664,0.009137087019161627,0.024882545621163574,0.02686051820209872,0.19545963458485333,0.00723701134357128,0.09013616795121546,0.5682315190928764,0.0027718231473066695,0.7126532629149753,0.4668747621276403,0.013012015109008106,0.5432055798143318,0.11595000160579677,0.009051640388747978,0.2446351550869662,0.08462833851837459,0.029454537108950574,0.034457413463065995,0.4579531200548071,0.25575802179938606,0.557575455699168
0.0185281486760042,0.0030738262210902464,0.597091893592352,0.49402713532175213,0.058175524080454524,0.005945769518577637,0.06474931968798316,0.6275536734960888,0.002934809782485692,0.015400110576007278,0.009109138671573702,0.0016108637710645346,0.38837654922011033,0.04597972491918249,0.004228217567012128,0.04127222214786746,0.5401464755626311,0.9799512946827722,0.10426990717584039,0.36407968184606126,0.7713236411226978,0.553303067196348
0.11207357080203649,0.33196742816936026,0.209108890169681,0.23687197492409398,0.0064373775520458225,0.025010504312194107,0.05278749750470232,0.1533897601233829,0.008111758774932617,0.01154881272044243,0.007436264579912574,0.009945033797585219,0.10097471131802713,0.035337453667264374,0.015832203390974797,0.004057603659730779,0.20703411463506283,0.1357233370234131,0.9250424679030381,0.4018864092714861,0.5393647383972024,0.5908919138733666
0.01728771087064438,0.00031780943809116903,0.0012426026189502116,0.0014153507950975266,0.8833902643510341,0.018148367414821752,0.038436402385362105,0.3547850171207008,7.519211484176166e-05,0.059670706391433376,0.034548725158373816,0.007160190147313939,0.2203416882423116,0.024649131299604388,0.013213303698217715,0.9854263393540301,0.1066668669961815,0.04335643988646679,0.03170704587838474,0.4755655111739078,0.1712224085424946,0.466761956010012
0.0036227403136997105,0.015131503511660668,0.0036652519882101556,0.40745646368075006,0.04824039316900915,0.000331199081233731,0.05650837846976086,0.6169219332181709,0.005388141507481479,0.35108590342807605,0.21909019998383258,0.020619306563442515,0.4592376319857011,0.05117735618418573,0.0003236133059911963,0.041308469905249307,0.9631249705369188,0.0491155434632323,0.9397009136846367,0.31265837471544417,0.5167655215284682,0.4238559263509163
0.33129643607847126,0.05016884749989818,0.08857055204417093,0.05473886812517568,0.00010012295747074924,0.7884373168452683,0.06101290667297349,0.06264876297016535,0.007309203226700751,0.0022078779990187983,0.0022377008919883526,0.010669494820258679,0.03287047613921468,0.04588016060379563,0.8924685810196744,0.0005441563609574016,0.2447142471408226,0.09633205639908426,0.017823405153652938,0.2648918429891677,0.36563096922676247,0.5121804823520362
0.007394214494837105,0.055377873242081994,0.023631594422611143,0.757732440489062,0.06639156066616168,0.2773075904879574,0.025389284178437485,0.04448972661210261,0.10900887750614857,0.02932500209626504,0.017499663103456856,0.06079785021899645,0.027772751411449415,0.015105885319468916,0.16681077524432478,0.04078670583567525,0.9461633027219869,0.1719981593099022,0.9446175284519007,0.4727822794914701,0.5097480290314492,0.22496381255174236
0.00014984897622112456,0.000245978501924139,0.035702472497716534,0.2564163490490354,0.003516365097920997,0.5846959518137935,0.09935502088566689,0.046570983824502164,6.275425019216477e-06,0.0005769266292198088,0.0007069417759028168,0.0006577050063203693,0.03121278944382394,0.06614732700135942,0.48687385602703626,0.003665079044978148,0.9594247259191179,0.9871728160310237,0.8593055554584504,0.5332536841697517,0.4286264775860543,0.47477044617767694
0.44992526516446707,0.0010520401272781118,0.025290703473557625,0.017795653431286907,0.5598396085649204,0.6902163668764068,0.1666758353437385,0.08329453472411912,0.1309111742307125,0.013785943887866218,0.008789607217249695,0.0772712406583036,0.05518406694755559,0.10592178017487153,0.4891496821872373,0.5712505713170216,0.03452924132340731,0.03565271802182769,0.0022789574993465345,0.47519138701927743,0.6305693683944982,0.5128937362373884
0.2931439857374933,0.012591484269815075,0.062412433723305426,0.04086842316369733,0.00040544253594416643,0.43610218359775255,0.5765170265332169,0.057281379619795285,0.0019406074872698493,0.007337153869144274,0.0058852973348967885,0.010669494820258679,0.033990262165903395,0.5034766993913538,0.5173382376060749,0.0006721554014169073,0.19831788493598115,0.09633205639908426,0.017823405153652938,0.23804245685982592,0.22609776341166307,0.5128984144424277
0.12784756327437555,0.7551164716652603,0.6289664266975558,0.12884866607029294,0.0422984772696092,0.11805624291968098,0.16549381117849274,0.019871326337878473,0.02895035376818112,0.006087536464428072,0.003983529211134752,0.017128306655881796,0.012452630397893544,0.10424507291302065,0.07518613017955963,0.026989015445730513,0.11253380094589818,0.43836986552653157,0.8928261256575443,0.43849653603517885,0.5987110163051278,0.45199541032955864
0.0035990697842950238,0.00690962877116148,0.5307601047958386,0.08288346771974918,0.7276361213894779,0.011594533043139323,0.00985410981963657,0.04995382442590238,0.004139782182623408,0.7549872481658513,0.502151034908217,0.021860053946569633,0.04398935263185215,0.008145371521576295,0.009902560086570311,0.6644059747777781,0.23280688999644056,0.9637719712351713,0.8582924871419846,0.274797443047666,0.5967652797459981,0.5643352159402228
2.3146265379180456e-08,0.0,1.3943713457125134e-06,6.267800306161458e-07,5.703385781351328e-05,0.6473773780411596,0.08257482182080986,0.5929580151424357,0.0004228667952253945,0.5824276861259334,0.3652968768084393,0.0017421180883587404,0.4846795749942375,0.08444027813578353,0.9999449053890503,0.97831414392949,0.5586779953347538,0.9871624843907807,0.09298562769947838,0.46304602508876624,0.7621428277226772,0.5555019676479357
0.17869684657606835,0.014507351154933292,0.10045946805260478,0.17816248070907803,0.028145708859795966,0.0008213247327577255,0.01195321609979979,0.020970829557804434,0.8456209761670929,0.5613155898719062,0.369163866058933,0.7580607153566521,0.04412357500293914,0.023997117000340018,0.0016485401423158496,0.05640412077493917,0.5547324244893331,0.32324403677623526,0.07872195727231432,0.5003051400100593,0.6499621399851895,0.4536257881905445
0.02737252894970178,0.025994909295048312,0.9330840574633416,0.2718063704662154,0.48572231748150124,0.09028621958252867,0.09485999377629101,0.07259530697814999,0.002265896953132355,0.003980439428886024,0.002516586765273738,0.0025777534175028954,0.04419042312038827,0.05837288883730274,0.05268227347607571,0.29305209487299155,0.24678378091269274,0.945507987778549,0.774982907743782,0.4972291643782306,0.1916992042845185,0.4411571834464179
0.00018478477055184454,0.00945177858249818,1.315627957363801,0.012311009406127381,0.08797083285013688,0.005985590705757568,0.018654529131965074,0.6549917674099276,0.0015100254876886127,0.016233630306118782,0.009646742828713535,0.005405149256656933,0.42043653771722017,0.01319981014142585,0.004391150540755714,0.057017497054625776,0.014621677055216886,0.9804850177356264,0.994591753410938,0.243574777073013,0.3058841421007887,0.5533044249970742
0.7302003638040024,0.0079585961167919,0.15138570973416324,0.06620578447294878,0.0006467542592860242,0.030568552903529108,0.04927431413692927,0.006683039282967318,0.002054948716508934,0.6069067089189641,0.4148165567705927,0.009587807901469445,0.005606474209669088,0.041222442651499436,0.024520702286978988,0.0005089173678552231,0.12505910972460876,0.10868900837032965,0.018362906018122127,0.5170556485112369,0.5239855536531339,0.5078299651559051
0.4869905002741523,0.005321594871742857,0.09190799488446204,0.06507997057163549,0.001976912696595512,0.5344628442924395,0.018312511893149974,0.6135943740405727,0.0003877591948686961,0.0033373545371631168,0.00234542873649994,0.001448109803834443,0.4427914024668086,0.015809884153654138,0.4873033972164217,0.0022320500477085317,0.13466060410832315,0.09628815330230381,0.017527288369532344,0.4414794483979985,0.5159164519610224,0.47795136471987015
0.010181974767777116,0.0008598167185321609,0.0024352277440212854,0.31184749320550587,0.0039905622312185664,0.0053354077747684095,0.8224644818170279,0.047987374217298,0.0027216055880644133,0.0015049199513006593,0.0011579374055201153,0.009938586135256807,0.03121147708335803,0.6328736364731671,0.006115575422472612,0.004477529447463602,0.9867011139474412,0.11891348745647648,0.13348915052207072,0.3944229040398065,0.512652702118829,0.6251719204918241
0.0010419535456322236,0.002953641673481703,0.11183447550682285,0.6321658112666583,0.004889399737569862,0.001245410863869807,0.04624915328570814,0.039467531728038185,0.00116744713658026,0.5273624400914213,0.3481089906240047,0.0008073416902521675,0.030457759942192943,0.03403457880272835,0.0009167427964441588,0.0035887045713214995,0.9186730934879297,0.9735294847666168,0.8558250780118268,0.40482612580173394,0.4286264775860543,0.48248992164674553
0.0002544047995611325,1.9158214862047356e-05,0.00020968827525894663,2.0829230041527699e-07,1.584593180642025e-05,7.256080060719555e-06,2.673109964568881e-05,3.0133666862837267e-05,1.0068563122004926e-05,1.1886275632607395,0.9998235983478222,0.018322848453846866,0.06128303651772415,0.051993923531131234,0.014136592337707615,0.030799664194849335,0.0005513779864659007,0.43596057992541193,0.07307396467261484,0.7882012159679574,0.33353745040152744,0.22109584716447353
0.0437399375208395,0.003417377009174881,0.5621497519010817,0.1691856524131749,0.00021308957451434681,0.5483478670903001,0.10475535613345908,0.5461237355387073,0.03645923192630329,0.00084132675579752,0.0007070254331734443,0.021834571010354874,0.38868267802477047,0.08160236272513156,0.47103027945108733,0.00022519077835914027,0.249660896463942,0.9500827546611849,0.07578834263767614,0.47417511807161355,0.49693508008508125,0.5120297862093619
0.019374321716284892,0.39117175935412096,0.038701966414950925,0.4513288130793262,0.002564850973285971,0.01785415237744502,0.7729959894848086,0.01805094624995271,0.05167219491651019,8.790220131700532e-05,0.0001980883091495252,0.026898685445139528,0.010488762002372004,0.46914443496915936,0.013335621883472204,0.001910491280315347,0.5104620933376005,0.040954528415380526,0.9794116445150394,0.7871432591247297,0.239340533602397,0.4667798082436598
0.0015092055295536438,8.337889795721875e-06,0.0348946719111602,0.455325204988299,0.00313735221142203,0.6018570897020097,0.7214046623634838,0.018076060547351717,0.0013448972016172054,0.0,0.00020109703896350507,0.0014595598826800255,0.010488762002372004,0.4612349177027977,0.49132396742946066,0.003215096499981973,0.9653212978677814,0.9721374036511021,0.010037164104097948,0.7872523523198942,0.239340533602397,0.4673797802919543
0.5389617917414532,0.1378968800747717,0.10338043128042138,0.01980533255704536,0.00030623803526950527,0.0053876813583756174,0.8579800167918294,0.050317472982672196,0.039514176027623894,0.012250206970147842,0.007759676578777852,0.02312821557216868,0.03121147708335803,0.6315126959266648,0.006115575422472612,0.000346549740358415,0.030512043486942864,0.1168081869557609,0.15887893312101037,0.3944229040398065,0.512652702118829,0.6251719204918241
0.04331341034493399,0.004403307216037215,0.0571387245828779,0.011560626469185481,0.6027442736854713,0.0037655126605380634,0.5492914736114055,0.0029138622072234508,0.013280970896984049,0.7031326595063364,0.45232389094967623,0.009738283081189462,0.0023835725953728626,0.4693087127174719,0.003959759030458166,0.9233916875855079,0.13850637282704892,0.5825828775425875,0.09829518838023754,0.47946364018698007,0.7713305663819451,0.5642257871652362
0.6080003594792014,0.03790842653727277,0.6095807564586213,0.002833838080018288,0.021883505198981707,0.12225296482577297,0.053981799587820706,0.5288372013287185,0.004684797538065804,0.005668813699931721,0.003824636274040283,0.0171515570952437,0.36839477539172544,0.042335371237729236,0.09214198754106556,0.01630388574877073,0.005036899440738022,0.43836986552653157,0.10413613122836185,0.43862073664250534,0.5872715739107658,0.5543897247470213
0.008499078986289675,0.03917477664418189,0.652383404425163,0.5458542296252571,0.3556529681313719,0.006962053439413407,0.020612467825463682,0.0009693131372800725,0.03802127827513483,0.0010188185747001077,0.0007849477836601136,0.021860053946569633,0.0005903378033707725,0.012561351942627398,0.00424191688190658,0.22040749628403533,0.5432453096795701,0.9610103080428787,0.8634860956891686,0.4716704348580651,0.709214759377683,0.528741596857831
0.00463160852100282,0.00024150171818296989,0.009059413954075873,0.004796760507688616,0.0009453500247509869,0.10289695845326445,0.6598773567365614,0.015572038608470621,0.0021722339335415205,0.614804096216158,0.4714255504351872,0.017092231791956437,0.013182148584764363,0.891750391578448,0.8848794139599483,0.035242372838325375,0.6026123299272983,0.6036940563681152,0.06855585177922141,0.4427230713266268,0.22266099398121755,0.4827729469186415
0.08520342360441124,0.0064819855699397196,3.340189965232217e-05,0.07501691297301616,0.8430176474971995,0.01300586217685012,0.10516775569358178,0.0011262882659065492,0.028325955578158965,0.5875034811983982,0.3824484850970853,0.019852831483200974,0.0008361218394290285,0.07831417189815087,0.009731305694368031,0.9005573924691977,0.5584338987613993,0.0002484523311787057,0.04815498860625839,0.4701224712534605,0.5011655461435331,0.6966128688409257
0.6136313395984158,0.005871315997869389,0.09472557335403566,0.29317659532559937,0.0025528488509906507,0.6991123891683151,0.03706195311583254,0.024472605814540124,0.0011671476974522686,0.0033485319470933535,0.00234542873649994,0.001448109803834443,0.016235696539743466,0.02479273395815616,0.48846877993025656,0.0022320500477085317,0.36963309983313675,0.09628815330230381,0.017380379441314143,0.4414794483979985,0.5159164519610224,0.44033486524761256
0.8545339709291532,0.03755757040538295,0.07704802493162886,0.13012624232017686,0.03687466665330753,0.033072921825331156,0.04131239141349069,0.10587584151349341,0.004996527242302218,0.6606726630517081,0.41314398075006076,0.007168675513682247,0.08144009794942787,0.03221712300908772,0.02438774870024607,0.027091195524576187,0.13124638926990484,0.056107388334278585,0.07944105060415924,0.2014653182475242,0.48676713808744176,0.5633299808992611
0.011765334278145016,0.03987894620956773,0.7688016200604322,0.07653947817827292,0.03961536880291331,0.7416747444600958,0.0240445311067321,0.019796388151551363,0.01934295497157945,0.014035356299890136,0.008531326414706386,0.010862386725509328,0.012403091177901275,0.014350670453158451,0.48916592983467394,0.03278554648161889,0.0865437703107036,0.9484895969173591,0.8788053736451495,0.4929983660096516,0.5097139939547629,0.2409523400798574
0.050509468813566515,0.13688901009326368,0.4684326985998223,0.07460016138326742,0.17167628467495402,0.5260143336360606,0.059191343280977755,0.6207497625671389,0.04365670583509053,0.032085227854192384,0.02054985701903314,0.02612365679935231,0.4514943976916902,0.04966437892410197,0.488491874632796,0.20325257676365044,0.12525573996295888,0.7247814538573873,0.8494385382412807,0.5171253594002317,0.45764268525866425,0.5125015878119829
0.517544495507526,0.024092866729509957,0.41117027997042854,0.02010662345968536,0.8138968052832892,0.03227318801072324,0.0654677580850997,0.0680467479743297,0.016765157796929452,0.005894213108941139,0.0038246089314420634,0.020125119385271416,0.043721147606942456,0.04249317428870625,0.019818259840576113,0.5714225744546684,0.026874083492039208,0.4208638132709823,0.0840899217854528,0.30800497142071404,0.5235737710936347,0.4381193424612744
0.01094027920878446,0.0010583161335382888,0.7768932044741526,0.026872783424526005,0.011156439598496626,0.031777711877749665,0.057387406485636415,0.062269129456257157,0.011199016617064074,0.010445712723794768,0.008303238831642148,0.07009274585212372,0.04211887940635536,0.043725220975183623,0.02634797567763411,0.010070566069552188,0.07076469172893014,0.9872400672723296,0.1260026361020245,0.5022830991610362,0.5164468322631495,0.5629556993635337
0.017288959661862047,0.0006736089255359223,0.0026635755721730915,0.0018236530283943714,0.00010033552420358963,0.0004643564534358191,5.9057459919346125e-06,0.8222819889795431,0.04474334568896602,0.5822936581915354,0.377374470619685,0.031022949778076656,0.9871238741753467,0.00021527320180223658,0.016916943604753043,0.0036456456978566365,0.09047708872895432,0.09689082894479051,0.03792895205726002,0.4858438421073833,0.30124765334277914,0.44734676227419723
1.8433362210536065e-05,0.0002883560167383702,0.0028934618270622936,0.00018414207685644196,0.4502638493517202,0.006193716362246558,0.0065021379401207806,0.5151811876930538,0.0034094472677268957,0.5617946296681647,0.4280404117870754,0.02556772089079143,0.4528544127299021,0.007811128081087958,0.008209012850025427,0.9960825249408903,0.12404345921537173,0.821181614243534,0.98037707865375,0.521675689722657,0.2371029166471867,0.5029960565298481
0.00019186051472903795,7.941369480004506e-05,0.00887282063927953,0.00043559869582698873,0.5000116961337129,0.8090033881680239,0.07150421291106651,0.010055008346934591,0.0001507075897680701,0.009784720969935027,0.00582766723266167,0.014102917856298093,0.0060157365000032825,0.04241775860070733,0.64891591310411,0.9875854861685807,0.06790012650610966,0.9782293854780504,0.5366638221005375,0.269097365349498,0.4084455949655519,0.24292568450300986
0.03519081926734441,0.2926288970590661,0.060045673464993295,0.10504167072678017,0.0026069376547157436,0.01782680320458103,0.7400515231293693,0.018082025760591678,0.016937515250667737,0.0003912707583336572,0.00045141378932068163,0.05451110257449267,0.010488762002372004,0.46914443496915936,0.013335621883472204,0.001910491280315347,0.18625383774843968,0.040954528415380526,0.971099421469295,0.7934061819179236,0.239340533602397,0.4667798082436598
0.424993427471746,2.0423826963859177e-05,0.024122634620354303,0.01663149928893356,0.5237831136167759,0.7236623165662365,0.1561129264220283,0.08518579611962336,0.014789169906317803,0.01347036183513202,0.008789607217249695,0.01845675603486885,0.05693071958098844,0.10592178017487153,0.5258584567456115,0.5712505713170216,0.03452924132340731,0.03565271802182769,8.731606492790034e-05,0.47519138701927743,0.5286416750709442,0.5128823946331568
0.022926963598808983,0.0019299905396503805,0.04985137439975199,0.4460518734531793,0.04797332777492536,0.6152863167213594,0.020428200563797978,0.5927564890959244,0.026070481538658954,0.0057118850997209475,0.003627552375532833,0.014927613725028665,0.3819565937111802,0.015018840359765064,0.5030308983680349,0.0500083395656587,0.9430309436375767,0.7243352152885919,0.05326149762720596,0.28005153983262526,0.5124865794945813,0.4672352825117029
0.02709229756347758,0.0023469588517117767,0.191840041181004,0.025744537918082556,0.0006655264947690148,0.024913182622669172,0.2466656705598884,0.927066122419785,0.03780611759814672,0.0008993286803242067,0.0007273084366137307,0.022136042802611,0.8009459928220741,0.5735114303462271,0.0813369293645291,0.0021784198543193245,0.1153052433346305,0.90967747953612,0.08394187562589986,0.5125699938116934,0.5450222163471173,0.646562129352392
0.021639061770322043,0.3965553067486148,0.45540060093000606,0.007148181433905215,0.04102805535477299,0.049746694256894576,0.6561086728548337,0.03668226011891755,0.028684925655596993,0.12304403995454931,0.07821488203249688,0.017219766217621942,0.024576233808259403,0.457149817137137,0.0421744283017609,0.03475059910510439,0.008247639226304532,0.40870621112114525,0.9773188566968328,0.44688950746340755,0.5096142806101567,0.5550487534167606
0.029374191279546862,0.0028014756671924045,0.5933846603858428,0.5188043504882279,0.02053141616583301,0.007617652147111523,0.058619273184678834,0.023919512429902808,0.0021349952115656155,0.5926827501587671,0.3652968768084393,0.001395015733621642,0.017436585019403816,0.04073565713040889,0.005297339622329644,0.014237919125312637,0.5586779953347538,0.9680936207862341,0.09230153994282268,0.3681068869429517,0.767471415705018,0.5555019676479357
8.338659483532056e-05,3.804835633213869e-05,0.00013085758311173033,2.385522363454202e-07,0.0,5.472549367731872e-05,0.0,0.0,0.0,0.9996927434198071,0.9998,0.018322848453846866,0.01337386397479296,0.051993923531131234,0.49812915242665806,0.030799664194849335,0.002369216598584037,0.43596057992541193,0.4824632797837599,0.7882012159679574,0.33353745040152744,0.22776177148650978
0.0017445949039390696,0.04178097946427229,0.6871991179917659,0.006644519633366318,0.0016108033517595905,0.031425713448984045,0.01004410136747461,0.6094517685861124,0.023335419054200158,0.6172439494519072,0.37811915131344315,0.015340431186740944,0.464424945136676,0.00938577344444825,0.029368954061837704,0.0015018001690598824,0.008430689493167776,0.9613925140147974,0.9733312655007333,0.8164346617020617,0.533585256653483,0.4568186655978721
0.0018934412457071606,0.00015959791978389034,0.0021283581948488258,0.0026304251467467407,0.00014741264496696021,0.6772935696604456,0.6223403748308359,0.5641261898241866,0.026294509357952228,0.08349270205726723,0.048631378298271855,0.014403363754347275,0.3643269511139834,0.47330641802723955,0.9957234331605466,0.020570105248405718,0.5745591470219739,0.53369279454047,0.08170112858308265,0.5369096905557026,0.7778016816269875,0.36311683930328537
0.022455666903727096,0.0004986124240271002,0.06927705025255577,0.4462785097110208,0.00029376224502386007,0.016693170828763038,0.5736555198140252,0.5567500161596679,0.0380217734629092,0.010093171256392329,0.0064557109921998534,0.0223058758132445,0.38809489330065355,0.4806630734489208,0.017423162782107482,0.0003057998788048022,0.924962305632137,0.7998439173825661,0.021632967079451896,0.5012337647147539,0.509933581689186,0.6470411028853451
7.054487990972253e-05,0.0007647978371650213,0.0004127614184196055,0.04571952620352574,0.4285116066426413,0.004138387405730818,0.7621245367267329,0.04651591049577149,0.001570033120854002,0.0012884977889742967,0.0011579374055201153,0.010047462169155103,0.03121147708335803,0.6511523150368338,0.006115575422472612,0.8313989978686409,0.9867011139474412,0.11891348745647648,0.9767434409402365,0.4460731904492551,0.512652702118829,0.5523993983310063
0.09621900041474282,0.8165310066421017,0.1776077904332072,0.20626125607175058,0.005595897940096172,0.6206629585671058,0.1108669057538523,0.17265756035599536,0.007155726757160727,0.0018094903653334614,0.0012115961331126412,0.003935605639061037,0.10097471131802713,0.06553923719900266,0.39248308645268315,0.004054986512610604,0.20703411463506283,0.1357233370234131,0.9250424679030381,0.5302345301811924,0.20401653664413627,0.5639832119763899
0.011900266383767757,0.00034310437401060867,0.03202640158540503,0.012757523012058639,0.3058908260027185,0.02345067167918859,0.02624148340149712,0.0036804922170892793,0.006597198785315329,0.6377111071285693,0.5122401862043737,0.013958548427773443,0.003142366783516013,0.032078562503314506,0.036015759851531604,0.98479974717293,0.5710138441244659,0.5864433774385487,0.0691564349446252,0.1964976838424237,0.7788288491129151,0.5646405191108933
0.01743571984497295,0.00021582606204843588,0.06013246502634921,0.24857482543905662,0.00029622298574388345,0.005162296731504955,0.04814662222713001,0.006046556762176669,0.00309828037341742,0.7373757556524984,0.49406976854564705,0.02653966875193707,0.005431190691130489,0.04596003512865216,0.005303338084513084,0.0003057998788048022,0.9306218794092577,0.798215797034592,0.019883256018732587,0.27435192041240863,0.517251123583875,0.5443808370650256
4.415846529115464e-05,1.3655265817963523e-06,2.270406326343175e-06,4.545762099246973e-05,0.001423679983812382,0.625213598380423,0.6211012567104393,0.005555289819831441,0.00041148695264875266,0.5823149234269608,0.3652968768084393,0.0017263078568082596,0.004115978686139332,0.512395345865579,0.9985620138981602,0.9641289980535174,0.5586779953347538,0.025765919759570266,0.04764339259177597,0.46633509663679934,0.7621428277226772,0.5553625700374375
0.5657505959413771,0.005746052918612077,0.09078666973112465,0.05162187318081137,0.0023382850724091744,0.03216372988401038,0.0176106584251705,0.6224662082942959,0.0006087404405430883,0.0032696212331323323,0.00234542873649994,0.0622122574773668,0.4427914024668086,0.014896261012737742,0.030809015144086183,0.0022320500477085317,0.11765593139200461,0.09628815330230381,0.017527288369532344,0.45056384577466385,0.5159473571477837,0.677438191477955
0.10154475738946625,0.00884112722944626,0.07026883907954476,0.11399428297477561,0.0014510536492014971,0.001941630247075779,0.3001672566392204,0.027421466417643335,0.17311552341317343,0.0016276051388954584,0.0011579374055201153,0.777034796854823,0.04879997361265009,0.6328736364731671,0.006115575422472612,0.004477529447463602,0.5406674086920937,0.31262871100735945,0.13244887681057138,0.228335044740302,0.5702901614206842,0.6251719204918241
0.05135644577512347,0.3659155631350193,0.037398202124798795,0.1040287290775036,0.5098347132591425,0.09521945322991024,0.03915586766622986,0.014337514213395366,0.06984750101877825,0.02779635050219051,0.01543260140529401,0.07536385429322032,0.008310000352293245,0.022879348093125584,0.052632445897265734,0.2912593200269212,0.08740225995947065,0.02248071615037612,0.9687186593976562,0.18882725094306307,0.4074218409506014,0.7363782846896249
0.017014538754072762,0.00042321275290847126,0.027614071891105353,0.028392303381342708,0.9025389143236834,0.605682050245175,0.007968992995587884,0.034283765335762544,0.0004934122057242714,0.005379305974952274,0.003382338331601842,0.0017263078568082596,0.021187428067789754,0.004912262336099295,0.37867575895221317,0.964657494275815,0.5586779953347538,0.5776797577680859,0.038347865017774374,0.4468950203343588,0.7710718081876952,0.5647723949333704
0.8043990970835342,0.014763972067146632,0.004377767049597328,0.12631763600623963,0.06937762022227519,0.5714559238942772,0.13650093868233615,0.04704237157709603,0.01720105262971005,0.0007068893082016839,0.0006184546658807399,0.010248688582404332,0.031281436508519556,0.08678586399822939,0.3891258550184902,0.0540697727443583,0.13530969069886772,0.003454098275209219,0.017883953566491008,0.5458649969258133,0.4396505224678452,0.5077120589687987
0.000706625682031352,0.0010744984065882502,0.07658461639543697,0.4241802794588533,0.0032843196851964074,0.5468165501206126,0.07851275742363635,0.03652923725147407,0.0005178847893254205,0.6090592940136609,0.4136777892883966,0.0008073416902521675,0.030457759942192943,0.06614732700135942,0.4812262408338984,0.0035887045713214995,0.9186730934879297,0.9735294847666168,0.8558250780118268,0.5331742467114402,0.4286264775860543,0.47477044617767694
0.010540546134076706,0.0005597091230679141,0.015373446234918861,0.004787637133484474,0.546456151983162,0.5445904519793648,0.6515321801293019,0.0017358854192563455,0.0010199615888212142,0.024096719291547,0.015184237174068188,0.003732140916643579,0.0011307825921805514,0.46275563863964503,0.5030308983680349,0.9764096205359541,0.28288589948082987,0.5492084661092137,0.08468956489912759,0.4410429689262901,0.5099658523089624,0.646924994355475
0.005275581870104577,0.0021430031327077893,0.01215066673444556,0.003117086484557007,0.0002047240930142517,0.9822473137850168,0.4691411854865917,0.033026192743055564,0.0021489556858897895,0.019060936901483545,0.011258783361503322,0.007341423502762417,0.02009006332065734,0.29501373212313375,0.9904291021610433,0.00870627717253944,0.24731491858949256,0.5826265106503614,0.5074572888787835,0.5888672067414111,0.21417922714563475,0.5911919210707888
0.14383015140031502,0.49797530581365074,0.14280253900643836,0.23204426851287266,0.5724083113356537,0.007581330718662614,0.07230335817291408,0.055922363174609906,0.03718808805187649,0.014909836731955133,0.009474552549780468,0.021860053946569633,0.03670423481510085,0.04528529487106914,0.004753195433078283,0.38001800327701885,0.2446682896293335,0.11558146686834436,0.8812915790057247,0.4529373372107783,0.6147708673055597,0.566060190505583
0.0009519131502991417,0.00013952265961459956,0.019209868020301973,0.016871735999009464,0.8818751193889433,0.0073733459925097375,0.0020478902906530634,0.008723818880370248,0.002139690030925711,0.568172835358661,0.36520759447922846,0.0014619666425712996,0.006311641182542432,0.0014825131758476155,0.005336065948101667,0.9784597389769858,0.5586779953347538,0.9680936207862341,0.09230153994282268,0.4415095817231068,0.29844641808904915,0.5555019676479357
1.691269793026611e-07,8.336425668115201e-07,4.1595203936527026e-05,3.7161624816382544e-05,0.0019152889409685791,0.8458019023281904,0.06151548036898192,0.005192017761269086,0.002435594857006407,0.5478730896605096,0.3652968768084393,0.0017263078568082596,0.003896676271580926,0.04623506175576478,0.9985620138981602,0.97831414392949,0.5643396913305098,0.9870094372491313,0.8720987767507521,0.4673425112238442,0.4266500390695882,0.5553678421718709
0.0001834579824164375,0.016333762873535107,0.6043956325720252,0.44664519535175695,0.5499962155455296,0.007486602602376736,0.07200905520834866,0.005960893180977271,0.03659893245360767,0.007515739226177262,0.004887862299026162,0.021637373593574098,0.003932687285965988,0.04528529487106914,0.004712987608610663,0.3648966588573466,0.5056158421670085,0.9736048172446493,0.9953295721888364,0.4762028089305354,0.6097701741086688,0.4650438833693616
0.4638960901014432,0.008337801535725041,0.03253842195853677,0.07109328643450927,0.039342933092224655,0.0396343871900929,0.5970693522429336,0.014956761160671999,0.01291710399799423,0.855161970057406,0.5368542479858859,0.010165444042133218,0.013132227036325925,0.5740388448458537,0.053466590287314764,0.053106585435949316,0.1318368517229581,0.044446161499466896,0.01751327724575023,0.653231111170172,0.15605625747774213,0.4425014945876146
0.4964292533988033,0.025168583164421294,0.5785594122531922,0.60476435246073,0.06414425984099728,0.0032011723449984868,0.007586840938051519,0.10315619025958533,0.003242594725168678,0.02457710115021293,0.014104299405126258,0.0017381555923417246,0.05863375496118422,0.004327018617773192,0.0018251684527534654,0.036479444933680855,0.5265924935219735,0.5476305519608794,0.0321256714058165,0.4979489811938036,0.17468494959204944,0.37552963518369065
0.0002128675085046615,9.597140510505061e-06,0.00010345598013154548,6.837203774881251e-05,7.762718372078958e-06,0.016625293253069523,0.96527111928583,0.0005230022618142441,0.005999221833002335,0.011179307981016325,0.007192404752605704,0.007341423502762417,0.0003421963739051962,0.989642589376837,0.9904291021610433,0.01968435116979761,0.24205762521289137,0.2828828161626389,0.08146890331467826,0.37101169484439545,0.510784920774622,0.4325245710402222
0.47180159398625204,0.03662629425893619,0.38903328063814796,0.1837561513208207,0.031794406820191384,0.07780995962520693,0.14289793749329857,0.013919139737751544,0.0083743840470672,0.85109367588592,0.5730407296270555,0.007432267412706671,0.013781814975870943,0.13580217581420048,0.0752123390440731,0.030799664194849335,0.24870757419709233,0.43596057992541193,0.07530907079694665,0.7882012159679574,0.5325231223572141,0.4518835665431312
5.452886741247689e-05,0.0002683178868329872,0.0002148083549541905,0.004908491264363984,0.01203243175898917,0.7236499921216096,0.058310542197152815,0.03261231204691759,0.012091550724184347,0.8841296780472688,0.5620109719525463,0.00999850402901422,0.028566514821696948,0.051194599033532184,0.9879279076912157,0.6770086501746244,0.9671781544545566,0.42413705895022813,0.871885391905067,0.4529681786900865,0.12831443203636494,0.5644362005121604
0.00047076547817661614,0.002089338442617284,0.004729303925360052,3.794239018992888e-05,0.001701566916485422,0.005212470464471967,0.5566235696125709,0.46953846751295786,0.03155762353856739,0.7090253039938833,0.4913101469070303,0.02603020588678191,0.4458994397534704,0.9914157173651448,0.488491874632796,0.20325530746104048,0.006386445243160767,0.7297700051013878,0.8583913667096369,0.4502141728765679,0.45764268525866425,0.6119287952566878
0.014668835077385027,0.00018838302018037005,0.880092071398287,0.036684104599952284,0.012478450149196317,0.03203187910293224,0.5971270794723667,0.06283566731947018,0.0188902744849915,0.012657552946930365,0.008303238831642148,0.07009274585212372,0.04211887940635536,0.43179669671368626,0.02634797567763411,0.010070566069552188,0.07076469172893014,0.9872400672723296,0.021634618998235655,0.5022830991610362,0.5164468322631495,0.44970353366521376
3.4153059005355315e-06,0.00042685047711507124,0.07962690914500593,0.03314204723797538,0.5119596941131788,0.5727851297377928,0.05091593063680218,0.003358010578210833,0.0020391545613377745,0.7207945901168035,0.47747958260922563,0.0015792715724868393,0.002901102271845625,0.041924877597066645,0.5316913879197079,0.8884564210109461,0.3315968688547293,0.9947614745642102,0.9966729144208416,0.2694978343538062,0.4405532540845617,0.4709182857688943
0.015366548685817381,0.0006125844351720046,0.042399339026551124,0.11695935935764654,0.27856765442482256,0.3959991536822132,0.03933780468075354,0.019778167969184805,0.0027517249535121803,0.02225091821601738,0.017935816775619423,0.004409499826865357,0.012729646859436679,0.03636360489269913,0.5062551467448548,0.881025362721654,0.9274249985139049,0.5924550843986025,0.09507813828696328,0.4744331480766343,0.5097139939547629,0.22496381255174236
0.27906523972410796,0.018009978435967355,0.06145257697930132,0.001226236827556473,0.08995542942927923,0.026837346449056075,0.7180461530172739,0.04636909959561126,0.003193133782811545,0.060317452456975444,0.04572258676028121,0.019972858895921524,0.03121147708335803,0.6511523150368338,0.0424312623783744,0.1562957746678344,0.006334390045668957,0.09875561412403094,0.0846731016857224,0.44614514340969363,0.5102454667597588,0.5523993983310063
4.260937573747445e-05,0.0008821759202647414,0.019192798057159528,0.04975219464175688,0.0004267356127828516,0.3254297473340126,0.00437208114259087,0.934204239085902,0.0035454008125202245,0.0005186165086867038,0.0006572120440371402,0.013702981805168584,0.7876038853247924,0.008056320077885759,0.8432364891428656,0.002950515169486994,0.898957393848013,0.8766498200330006,0.9866402458008148,0.501171849172041,0.5291936574233842,0.6538042052077105
0.04559842484176523,0.04685821810438751,0.000359237332727336,0.019494905843320507,0.0016064457050947722,1.0908085120229398,0.04384350356760801,0.009384561452822493,0.013361746139049594,0.0953302728388506,0.05548936887809516,0.007341423502762417,0.00546005230211205,0.02553034759824327,0.9592940741758689,0.014599010694262463,0.24731491858949256,0.0034989482699465113,0.5074572888787835,0.5888672067414111,0.21417922714563475,0.5911919210707888
0.362797289545802,0.020296656757271415,0.0672762148017685,0.033135017577451534,0.000377169329196178,0.6809450243442626,0.0545009656543351,0.006632737459641325,0.002255045301906122,0.6379386162155456,0.43255082297439135,0.010601016396421173,0.005606474209669088,0.04594858484542283,0.6636018049825141,0.0005929977447330188,0.12505910972460876,0.09640963740394808,0.09360144601630016,0.5170556485112369,0.5239840600076954,0.3795104542484138
0.3087234736135566,0.0218523980732641,0.02941231744498088,0.17835628540251974,0.0915335687816417,0.15502356880497048,0.3417900589298141,0.0012249674394835697,0.0034545412856972135,0.001069535846895368,0.0013338067647386577,0.020330719242823744,0.0007886148927906678,0.2980090366398161,0.13989903289387395,0.08849045576623829,0.5931610565498983,0.043342042284686355,0.029357867974730223,0.26678782816767016,0.5688538763968611,0.5908942798114455
0.000991366170437018,0.00930373739946603,0.00043252257849560983,0.0006026147301579616,0.0462901145550019,0.054328598942881015,0.667539478062645,0.3113798877815536,0.0002470432440576053,0.024641261768959477,0.021341279205708094,0.0015792715724868393,0.21484920509944846,0.9335689675254977,0.5316913879197079,0.8916905386436078,0.1432353386605107,0.03207086654518421,0.8968660614871677,0.47674093668794126,0.47562193049574086,0.46615020817192704
0.00018614584418256728,0.0002941327432281428,0.0004723199571397626,0.0004552018351055537,0.007088722684632015,0.038554867737409036,0.004702157729621421,0.6385879827830385,0.0012721664861931078,0.7324903957503147,0.5099694531536163,0.19189805210477295,0.9560027885926135,0.06722054702033492,0.8823822568808617,0.8651627831989717,0.5033562909248018,0.31912769767815163,0.8540252119659029,0.5123359994490849,0.3670704774379898,0.4476343159667008
0.011210366357329145,0.024082587311796022,0.10115121848036604,0.0607236891553882,0.0010718728964379122,0.6560743251952366,0.5767051432194267,0.5585516458288883,0.004161678751421099,0.03552329351419875,0.02114986682088199,0.014293546599232241,0.3645590170527923,0.46172566262089054,0.8288632469588122,0.0037065539840221984,0.5764529037640226,0.5825828775425875,0.8891866621184908,0.5334392009388419,0.7766644726082191,0.5642257871652362
0.5002880604648913,0.016515193576191613,0.020130644492190323,0.03241988962660254,0.2357197043645308,0.00879176089133427,0.1264377985593594,0.08992232223458285,9.362383426654038e-05,0.8205066510213372,0.5248762901445297,0.013015822659392912,0.08013379030390488,0.112817959764583,0.009051640388747978,0.2446351550869662,0.08462833851837459,0.024230637732526344,0.05683127207841676,0.2643867891634939,0.25575802179938606,0.44638857998555004
0.10974898252461084,0.3719974007694572,0.514399462914293,0.07704247560220868,0.028018780294132885,0.7377555747255166,0.024540560540530946,0.019806726053099723,0.019364934448815693,0.018219737935582583,0.011020493076304205,0.010869052459098064,0.012403091177901275,0.014639124918130674,0.4856109162132094,0.02304717023014611,0.0865437703107036,0.461051118715324,0.8788053736451495,0.49268544080830634,0.5088189474154875,0.2397319875450172
0.01865640400442409,0.0009203658323107803,0.31001772047243703,0.0837760004990532,0.002244118874772946,0.03865584778838012,0.14673637521020474,0.9719471140149663,0.006278034799769614,0.0005627354411212562,0.0005481425885589964,0.022066641168801814,0.7939742764495122,0.29628307583267993,0.08072988338925796,0.004664253892574695,0.24242210795901278,0.9512442732853633,0.07578834263767614,0.5021579542495741,0.7675286669988207,0.564372824425457
5.008217851029839e-05,2.4893933815604773e-06,0.0004724785736439816,4.932158214448292e-05,0.013999433342138181,0.00031080471011462994,1.4690436769015742e-05,0.829643054746929,0.002639838999825497,0.5786545655991169,0.3732796017828106,0.0018156721136607591,0.9897979496179161,0.0006698834942403357,0.014164205950701225,0.978459572651351,0.09047708872895432,0.9323995899029739,0.048352645543924336,0.4389398860458883,0.30124765334277914,0.4476343159667008
0.49892365944481176,0.009686816978686433,0.6871669119821344,0.0642324680799453,0.0451086923862629,0.7390744892634993,0.02493695379964775,0.02007608253767673,0.002929089374661134,0.017957090695488665,0.011020493076304205,0.010862386725509328,0.012403091177901275,0.014441005229351081,0.4867487760983875,0.03312670573498483,0.0865437703107036,0.40634371110984013,0.028425243570597444,0.49268544080830634,0.5097139939547629,0.2397319875450172
0.6695747156862351,0.060162040611006766,0.025640935303783915,0.06566470956250836,0.27936361656897507,0.010345076610152435,0.13061946948343633,0.022294437433489384,0.01604613594290954,0.7996661678121182,0.5248762901445297,0.013039406975188874,0.019188966108105127,0.11311591318432365,0.009051640388747978,0.25007928252891953,0.08462833851837459,0.024230637732526344,0.05683127207841676,0.3366566493404083,0.2556597652814244,0.44638857998555004
0.35130462673371693,0.6240780035335604,0.07814410847455179,0.30321610212319433,0.0016055446890122474,0.040303763425823015,0.10700411086601706,0.05267728965080067,0.004710883832638902,0.006434367241850291,0.003896455887972978,0.0025777534175028954,0.03216781077964343,0.06238552850160739,0.02356272642481394,0.0009363658773853352,0.24678378091269274,0.04864510297515218,0.7756905754857604,0.4972291643782306,0.1916992042845185,0.5102606674707243
0.0018979111012174775,0.00859018956896314,0.546721022352345,0.024819801396609723,0.027659192900781338,0.012566028695948339,0.04735187349675563,0.05167020892931389,0.004193540968853971,0.7280384923769808,0.5621936130481604,0.03712369838616973,0.04929598235899085,0.05093391107788384,0.014817293711118382,0.035242372838325375,0.09252360003251903,0.9709133527479902,0.9324092566209516,0.8249933077965524,0.5418053623312961,0.5980824119943812
0.1164971772020856,0.5830822908450507,0.05867618215076523,0.026389582538444617,0.004236546117675413,0.5550941880697658,0.15461160434776802,0.5763498539531132,0.0331836172407733,0.06939243636367251,0.043973919265478056,0.01981234991738267,0.38807753280747115,0.1200333936652142,0.480263867505515,0.004552416022465242,0.03861469828909264,0.06274685500089427,0.8739908506761418,0.5342342313328837,0.4286264775860543,0.5528313536507728
