obj_0,obj_1,obj_2,obj_3,obj_4,obj_5,obj_6,obj_7,obj_8,obj_9,var_0,var_1,var_2,var_3,var_4,var_5,var_6,var_7,var_8,var_9,var_10,var_11
0.022104264718517893,0.029880580055663387,0.052807450623985765,0.1035137350774641,0.2543021680601028,0.5035333318476944,0.8692089794480524,0.9658900706868118,0.5849355991724147,0.5488082661275248,0.6023223854210027,0.5064945780496334,0.4945334474744427,0.5012437000722112,0.5050343484492976,0.4754572954897446,0.5005644816980049,0.4950817991541284,0.49989965726641433,0.49430779959600907,0.5053446419806076,0.5049941651376693
0.015524203376742159,0.015530435591465417,0.031684626076982934,0.0456375351978308,0.10383168722278131,0.2075860854694705,0.41771136055535396,0.8554971507415624,1.6473542063320188,4.338539037533398,0.43500486890825873,0.5068329334154043,0.4946865964337287,0.5012437000722112,0.5055055523514889,0.5107090745391898,0.578899403788501,0.4949793234880773,0.49989965726650953,0.4944533633047205,0.49563303505114364,0.5048450939663476
0.025748616765646427,0.025735564436155645,0.05264847896132863,0.10389780139666847,0.20335216049068436,0.40207766322636035,1.0812782689950773,0.666996249120332,2.037621480193826,4.493584796803825,0.5058161317579833,0.5569768127192987,0.7396310311914042,0.42932587371634867,0.5057193688447595,0.5056860703616944,0.5005644816742252,0.49440954568094864,0.500126760581465,0.4939223324275802,0.5054199839800521,0.5046463204004332
0.021262223576953572,0.01607389952368765,0.038139858385304655,0.07530575443247002,0.20212761095814055,0.528717407988033,0.8772992950952092,1.7988493375765358,3.461857682804238,1.6407736815060894,0.8105431155232719,0.5068321024596976,0.49438929060044134,0.5012301426115894,0.4002933723702162,0.4272534497964362,0.5005644816742525,0.4946755559262711,0.5694812908035545,0.49430814537817264,0.5049771885916615,0.5051226122541886
0.014563624825466593,0.009178915051458849,0.024227603830440658,0.04786195277646061,0.13362440553451244,0.25606392699443586,0.4831110549197491,0.990640201518155,2.082562493027124,5.652146625507854,0.4169426637213901,0.48474816109070595,0.4943834441774806,0.5012437000722112,0.47259906753028036,0.41764820626511334,0.5005644817074608,0.4949441056871305,0.6133979305061831,0.49416876496926815,0.5058070493832998,0.5051342641812058
0.021311449175529944,0.013937100687846354,0.03602337443453638,0.0711111789846261,0.18395251287925504,0.30135266952056444,0.6218310997152503,0.7606695616408307,2.450449695677677,4.366814577928849,0.5053143337292254,0.45065048035687105,0.6215930036022206,0.5023437755490461,0.5199007590320651,0.43630880673455735,0.5005644817031681,0.4945643072023609,0.6046049910743369,0.4944037941931608,0.5054004738307397,0.5049647061203634
0.013354792026065166,0.014790022359794987,0.02883325793880328,0.05684956509637044,0.12419693165726235,0.24244108083215632,0.4780813599397156,1.0222800217078574,1.9279141725478561,3.7938980117909296,0.5074547949797478,0.5067685293355554,0.48391252470753093,0.5012437000722112,0.4954039255931374,0.47821801699635136,0.5005644816637003,0.49395869740011256,0.4745027571677489,0.6034177236598657,0.5054983742819682,0.5051173566833607
0.008166092195050661,0.008158783639360205,0.018746103621855834,0.034947812606029756,0.09370430251206173,0.1604034027234455,0.3677640529759122,0.7053775098773337,1.359463533152265,6.072263438346428,0.3122361699628463,0.5068567660142576,0.49517381095716173,0.4684649865062868,0.5051209818984077,0.4276659456280677,0.5008795270998632,0.4654810355316106,0.5002238472060857,0.49455166462988676,0.5054051733007957,0.505122619407451
0.010091604219059065,0.006621133154833514,0.017051546094550316,0.04082286596178755,0.09993163900902814,0.17094561991926568,0.3437687242788701,0.7048771647901195,1.3563912069527164,6.058540397163459,0.3122361699628463,0.5068567660142576,0.4943892415895671,0.501230123741415,0.5051715436287212,0.4273875042181522,0.45268231493450944,0.4949827349220308,0.6038271285722131,0.4942942229018691,0.5051132291574276,0.505122619407451
0.013803518361692866,0.013809059804868738,0.031037034788449103,0.0585173357591298,0.11406975433048967,0.22563564085227306,0.4546051346850407,0.9440085465393685,1.8009420208662659,3.5706021635275276,0.5059378389166723,0.5074586459201489,0.4912338148827347,0.5012437000722112,0.5061297890616258,0.5066970215862597,0.5005644816961293,0.4708058037440558,0.49989965726593066,0.4979362710182068,0.5064047777050719,0.5048562340918956
0.013605359165580323,0.015067517777831154,0.029374237307896258,0.05791619592679269,0.12652715663127784,0.23685150776551,0.47696326079431894,1.0198891934631173,1.923405318262059,3.802884775238136,0.5062781672313545,0.5067685293355554,0.48391252470753093,0.5012437000722112,0.5058819791954056,0.47821801699635136,0.5005644816637003,0.49395869740011256,0.4745027571677489,0.6034177236598657,0.505498228949413,0.5051173566833607
0.018691537398757462,0.018699041146023894,0.025783156574703273,0.06303125431140899,0.12345081149285625,0.24497442447546022,0.4921756443363131,1.0082414289032433,1.9453302583910652,4.495078482056309,0.4671208691944905,0.5063086645287332,0.49462780677371765,0.5012437000722112,0.5047321981228617,0.5055159502159506,0.500564481676668,0.5918690492823022,0.49989965724577595,0.4943968870113164,0.5052519292305311,0.5047028753105423
0.02219510856526181,0.022204018825140583,0.045712034493300684,0.08990792691849844,0.17610663232349177,0.4077829237675553,0.7601177813405311,1.58961181976309,1.2533146680671543,4.274909783138382,0.5053254219692381,0.7130001873776147,0.4894680453624258,0.5012437000722112,0.46618888725295105,0.5054930832661324,0.5005644817073481,0.49271506950164107,0.49989965726352653,0.49441710313950166,0.5053035804024689,0.5048908830854966
0.02877377022570392,0.03418082224073311,0.06374888534074881,0.1304125137146128,0.20211543044694472,0.4307277121048228,0.51901130080038,0.7025097067388681,0.5113706332899357,0.5051876170561997,0.5983975364297613,0.5063432946390537,0.4844517192832544,0.5012437000722112,0.5047120205192299,0.5055561272076504,0.5005644816629675,0.49515082007981953,0.4998996572523584,0.6034177236598657,0.5061820013458599,0.5046763200719235
0.011336053936638524,0.01134060481264547,0.023132735693556755,0.04570607682625532,0.08947842203329615,0.1772185004536074,0.356434780272111,0.730687597119245,1.4174198198929164,4.473992386849313,0.39019399192416243,0.5048755403871862,0.49445096616668227,0.5012437000722112,0.5052697685990123,0.5056273976945636,0.5005644816944756,0.49502201513663496,0.49989965726306373,0.6030341470112721,0.5054252795256875,0.5050748547609353
0.012180974462797863,0.012313178085567582,0.028071456017246837,0.05244705311656174,0.1024870963071656,0.3105094599494628,0.5149307370445076,1.0873384147840128,2.067915192954286,4.1008246248369185,0.505270162032931,0.5062512842385214,0.4871718589935263,0.5014901548146351,0.40057155510667697,0.5060857067966753,0.5005644816879766,0.46597296629395807,0.49730132278492445,0.4944610963185617,0.5050418730724522,0.5048456271565339
0.02001228368954079,0.012507843938198605,0.03891882698673911,0.07132868679813083,0.13919491918365656,0.27667525814619753,0.5609554941311116,1.1430242773339112,0.9257104617289437,4.409650359077087,0.41962846950378857,0.7096564573502047,0.4948221554181881,0.4989649476457217,0.5047323169616144,0.5063354550004752,0.5003861793024548,0.4552156145513999,0.6153814621708459,0.49514747394212194,0.5050477585289286,0.5048403222731395
0.0169689621191542,0.01697577433532953,0.03458103255138491,0.06837121731818298,0.17686469854456796,0.30783329126324155,0.706241528182924,0.8083466518980136,2.078295314472616,4.125791803809572,0.505316774154613,0.5068677348980226,0.6215930036022206,0.4681261391082392,0.5047686949163183,0.43630880673455735,0.5005644817020289,0.4953572494980196,0.4998996572534233,0.49455920665947406,0.5050845805654878,0.5049647061203634
0.0226043138021847,0.022613388338662933,0.040442429843448285,0.09984451048991023,0.18128662956266461,0.3596281872804977,0.7228146342237924,0.800201281881488,2.1910464527381017,4.34716616852678,0.5053094786949333,0.5065746156547984,0.6442657163550932,0.5012437000722112,0.5049304053357163,0.5057498817898775,0.4617681306612404,0.5278733652796309,0.49989965725757174,0.4943986821349631,0.5054388481434468,0.5048751622410487
0.013012120195393407,0.013153344482087369,0.02666577771839276,0.052712087841459095,0.10300500222868515,0.3120603212646863,0.518025155842769,1.0818780316121357,2.068142898476296,4.101320403401884,0.5052674667144866,0.5062512842385214,0.48980335285124266,0.5012437000722112,0.4005856048906437,0.5060857067966753,0.5005644816879783,0.49526498887568216,0.49730132278492445,0.49445973509898766,0.5050418730724522,0.5048450939663476
0.007748275166276646,0.007033462624043179,0.015079018241163202,0.029793408664313036,0.09142262839425247,0.1481033933535383,0.6133520845236791,0.932402972871038,1.7986604610349113,5.695848836094596,0.39012980792277857,0.5063501533308843,0.494614796923053,0.3278571026605578,0.5049692457442714,0.39485988202198274,0.5005644816880215,0.4950222216321324,0.5241789075267449,0.4939536263038606,0.5054134434601879,0.5049567604638338
0.00986661373768828,0.00987057470655084,0.0201341671786106,0.046024279625825774,0.083964556596866,0.1664176861218388,0.3346091135677447,0.6935175078538767,3.5458304892436354,4.804582241366602,0.5054377115268716,0.27786949149025353,0.4917068155635349,0.5012437000722112,0.5051185432483856,0.505684317881748,0.4641837214128355,0.49502175524044667,0.49989965721628105,0.49422333788000955,0.5059950969955456,0.5049999466989515
0.017375683406147095,0.010895166071580274,0.029142443144572778,0.05728380379660583,0.10783650955475073,0.2179768927597149,0.43832448446923006,1.0825066927146925,1.9120081889800495,5.416536255956909,0.4169426637213901,0.5063683231128092,0.4480784730134192,0.5012437000722112,0.5051720824214678,0.5154147209230219,0.5005644817076336,0.4924094784758358,0.614614832137824,0.4941690560351252,0.505439160933085,0.5051305786449491
0.010829167665029052,0.010115543319688705,0.017033690020016104,0.03789274525617621,0.07397192932822266,0.14685863861177406,0.2952293447992617,0.6058078710522348,3.002173736768639,4.11448609689184,0.5051372668281221,0.2851818656884083,0.49420707981352036,0.5012437000722112,0.5050293558050322,0.5063373530115434,0.5005644817086531,0.5514900688448436,0.5170359081550717,0.494314415790625,0.5050468756024158,0.5046961394746875
0.008938075960356826,0.010225772619010396,0.019509077735986865,0.03858570415465175,0.09216458420576987,0.1653862676463453,0.3331480047722544,0.6842003508453436,1.3177846288207253,2.6000074482850017,0.5066352640540076,0.5064370692527881,0.49399372495753996,0.5012437000722112,0.5060287226655463,0.4560097069215412,0.5005644816648426,0.4955365524475118,0.4664029734601438,0.6034177236598657,0.6004451008685364,0.5051163914165967
0.018526817692903968,0.018534255314051357,0.03795654073480296,0.07484842047393445,0.14668125477034055,0.29222169967494077,0.893981043291968,1.5137811777295112,1.2871284388246553,6.353247037093037,0.4027166708443697,0.6995259790835086,0.4948221554181881,0.3970790598368773,0.5036734180930029,0.5053697665829988,0.5005644817009715,0.494031616821816,0.49989965723407426,0.49457234279728035,0.5063782004806932,0.5058062942427317
0.012940811448433632,0.01308126180076692,0.02651964448512616,0.052423216168191414,0.10244051638554696,0.31035017486647565,0.5151862852973028,1.0875699307337652,2.068142898476296,4.101320403401884,0.5052674667144866,0.5062512842385214,0.487119142835963,0.5012437000722112,0.4005856048906437,0.5060857067966753,0.5005644816879766,0.49526498887568216,0.49730132278492445,0.49445973509898766,0.5050418730724522,0.5048450939663476
0.010524310044917246,0.010531742035466439,0.014519472785997078,0.03549528852440028,0.06951983139583827,0.37700312515227485,0.5746945070781737,1.1160151423593683,2.1490752064383334,4.970782270376171,0.4671208691944905,0.5067963124190324,0.49462780677371765,0.47386187403969215,0.2716235259230749,0.5055159502159506,0.5005644816637971,0.5918690492823022,0.49982351889801513,0.6046452766218546,0.5064099374552335,0.5046975858106552
0.01919690924359065,0.018466542122896595,0.03838487275835771,0.07587680621679015,0.1487304799712683,0.29476196626086054,0.33148585345198406,0.9491536637975594,1.8308049466949257,4.597783430234803,0.44636005878552065,0.5061038348114589,0.494069947592462,0.6423728268620433,0.5049491686875931,0.5053128068474126,0.5005644816880167,0.49525682255215686,0.5096959664368934,0.49461297556447986,0.5051678167507967,0.5048999704288604
0.027150492802820992,0.027161392408878004,0.056104580155706345,0.09275821443745057,0.19611130985759048,0.3902760917036891,0.7856439137463975,0.5751112785473117,2.102079732738845,4.154506950009074,0.5058220039682387,0.5056718059071643,0.7325458500510155,0.5012437000722112,0.5057056298493767,0.5088450009894371,0.543455835507936,0.49188212130300385,0.49989965726641117,0.4944530640457734,0.5051528021985935,0.5048450939663476
0.06913742199339298,0.08212945029822805,0.15302574540274788,0.29725699419179563,0.5658651679887102,1.2000561013142297,1.451018382060149,2.00350095934601,0.2244733492205608,0.7629103385161752,0.5984151366801772,0.8066692144294199,0.4937420981151811,0.5012437000722112,0.5061710559958064,0.5064002963329309,0.5136221421717888,0.4953951612829156,0.49989965722000074,0.4935189325695074,0.5061263994646041,0.5058175399248438
0.029570055265916963,0.029581926208793748,0.06033873689875283,0.11922122133110281,0.23335731343960722,0.299796526892558,0.6645198637764308,0.8483264140990556,2.226334070318063,4.4148616271757115,0.5053879394505458,0.5064705598141441,0.6286943857274248,0.5373666768122697,0.6115950018171666,0.5056714414562007,0.5005644816985155,0.4950341104305149,0.49989965726776325,0.4942392863971623,0.505301738570174,0.5049856495589167
0.013079773013600887,0.010123754436202215,0.02370288883352052,0.046800624467157104,0.09148256096109464,0.14547946260088598,0.3290281334075775,0.8762364644312998,2.753262772661621,4.203321640728618,0.5050559088200036,0.3580935696218158,0.42950891303210303,0.5012437000722112,0.5600451378680616,0.5060059521939321,0.5005644816831225,0.4946770460921468,0.5636976120073449,0.4946825553120793,0.5049771885916615,0.5053501357547603
0.017670814814371737,0.013225461351837105,0.03156249164839171,0.0623178995304191,0.12148554212310964,0.22009746360603236,0.4637018792402147,0.9499936141601075,1.829478719930354,3.595081106446661,0.5078342787450252,0.5068170891671173,0.49469907527152296,0.5014288268487893,0.528052110176705,0.5066821564482389,0.5005644816742538,0.49466675772278734,0.571939955459689,0.4946825553120793,0.49556835057035303,0.5046406905069424
0.010163440906566406,0.010214299203645217,0.02087619512256636,0.07164158716657881,0.12317990426157169,0.24045577235668128,0.47416643358896216,1.0301293989514535,1.9279141725478561,3.7938980117909296,0.5074547949797478,0.5067685293355554,0.4799498479474999,0.5012437000722112,0.4954039255931374,0.47821801699635136,0.36541693023790833,0.49395869740011256,0.49875211145093257,0.6034177236598657,0.5054983742819682,0.5051173566833607
0.007555754060278503,0.0075587873296708566,0.015408228516181791,0.030453929444655987,0.05936850014382102,0.11803016067845261,0.28044979182573354,1.1217426362903946,1.4722037313243943,3.045861829140422,0.5054321865488792,0.5270440756579678,0.31624731126766403,0.4594522051498666,0.5048558685228096,0.5066816092944287,0.5005644816971737,0.49518904858347346,0.4998996572468163,0.4977948126791081,0.505302367233484,0.5049794771832192
0.013240031029335644,0.013245346260349549,0.026991161653679274,0.053355929003664364,0.10449960673098446,0.26452348398177855,0.4728336853544894,0.9921693067385288,2.052807835522002,3.8996261486048915,0.5059569715207162,0.48598414665356976,0.48879875539941264,0.5015926570920715,0.444109711092191,0.5055194206075881,0.5005644816693737,0.4952709695318003,0.4998996572532124,0.49782382822216836,0.5058363424519899,0.5060750356170552
0.020202385762548927,0.020214658027670654,0.04133258213008718,0.04829004967147029,0.12719424897753617,0.25223012819665364,0.5069358594774616,1.0394185939129417,1.9557389409656083,3.9265146734245233,0.5053566390180139,0.5124739040272952,0.49440157737646073,0.5012437000722112,0.5049108434103379,0.5055308152278223,0.6286514138726145,0.4944003515027695,0.4998481795800625,0.4949939317526272,0.5052217994852447,0.5048610518549027
0.02222328625483702,0.022232207829360452,0.04570387180401819,0.0899560222038679,0.17619271179870546,0.3496240899982338,0.7043505303897709,1.4389680788173858,1.1999812352586667,3.966849977117023,0.5051385488022656,0.7036521431526567,0.4949661576742049,0.5005607597244541,0.5047341727635384,0.5055046128541288,0.5005644817094801,0.4930768273072787,0.49989965723351837,0.49459641111628383,0.5050599336094125,0.5046867745205631
0.010088075000306888,0.010092124873048034,0.02054915077380413,0.04063749046351318,0.07968514223460006,0.157902023082338,0.3162142854985559,0.6489984498930634,1.2524682145594441,2.4831357394090543,0.5053288506798241,0.506248145240622,0.4946151237543714,0.5021566889939878,0.5049379537479634,0.5052209815773173,0.5005644816880683,0.49547069994258625,0.49989965726884367,0.4977442759192245,0.5064180357852129,0.4997642118866482
0.016919735538130358,0.01692652799477099,0.03461137670702071,0.044109369282454444,0.10993550910461221,0.217796895855644,0.43811444771493985,0.8981243323853737,1.6697247481663837,3.931405600923558,0.4671208691944905,0.5154969960491973,0.494452562222444,0.5012437000722112,0.5053436623086065,0.505913417146922,0.6081501190303344,0.49441177660055263,0.49989965721572144,0.4939910921163096,0.5052784393297838,0.4974750236340229
0.008799980600275967,0.008803513366004658,0.01796711422357354,0.04151413120306166,0.16524790780434734,0.23761175360906084,0.47796051613911233,0.9778895438690433,1.8877303641033518,3.7303602907786364,0.5061666634263212,0.5062853124946247,0.49483813304352614,0.5010355331892115,0.5049181671671459,0.3180947358288355,0.4614481215087709,0.4948887540051025,0.4998996572573758,0.4942809234656377,0.4957770043609702,0.5046367265708638
0.02547159603984499,0.033872685836661164,0.06032578035102565,0.11927416236344486,0.2902163501694232,0.575956928491447,0.9942919466399015,0.8127491476991383,0.5835001074319186,0.5506743685039267,0.6011457576726095,0.5064945780496334,0.5492445471054395,0.5012437000722112,0.5050604275881115,0.4754572954897446,0.5005644816980049,0.4950817991541284,0.49989965726641433,0.49430779959600907,0.5053444966480524,0.5049941651376693
0.01615369339256182,0.015089191555608804,0.03186288334867246,0.09305919458307935,0.1522558201239383,0.47095573007682956,0.7755088909022628,1.5108858268054235,1.1154847579354303,4.084183939934762,0.505872164677676,0.7332177793123124,0.5071759394072948,0.5012437000722112,0.39572758201905084,0.5063373530115434,0.40409684178240446,0.4950876249728438,0.5170359081550717,0.494314415790625,0.5050482528895825,0.5046407835363381
0.011242962937779414,0.009922152480704003,0.021589569715452978,0.04265825704926895,0.11045543320105425,0.191173466572642,0.43898968703960584,1.0483372822225205,1.825604270992211,3.619623247792913,0.5054886793475863,0.5065898506750316,0.440698502905244,0.4685557734425632,0.506065117905444,0.436073164009453,0.5005644816944756,0.49503616626295005,0.5312025337674736,0.6030341470112721,0.5054089348159172,0.5050748547609353
0.014172916547691036,0.010720602607544066,0.025429402317248887,0.05020942413894944,0.09814610423133477,0.29765364945319017,0.4938690727575852,1.0105673088286655,1.9469446559620733,3.856385078809327,0.5058512883558902,0.5068170891671173,0.494910421428135,0.5012437000722112,0.4002933723702162,0.5060052848761079,0.5005644816742525,0.4946755559262711,0.569341620978104,0.4946825553120793,0.5049771885916615,0.5046406905069424
0.022040869025999988,0.02204971736772912,0.02985948376919738,0.073783284624833,0.09677123916300029,0.23999252942891572,0.48209282739651754,0.9875618553650142,1.9019311526101375,4.900842527125875,0.44034666789962573,0.5067712046252215,0.4946340134571649,0.5012437000722112,0.5046564409819088,0.6042150472539226,0.5005644816579611,0.5962210217865772,0.4998996572459922,0.4943907398477599,0.5049755456401348,0.5053087839916354
0.03844169333894311,0.045606607344046514,0.08515758014041004,0.1741640429851857,0.292029663349433,0.2782646711128479,0.48596596686450516,0.5238172769130895,0.8442231865408119,0.4676740855805752,0.6554634982376738,0.48687249217632056,0.5598708066555792,0.5011420785133898,0.506132936746213,0.5066946331376806,0.500564481697268,0.4950212070944107,0.5002222942830827,0.4944509810023115,0.505353587199547,0.5050323630814628
0.034930127916891575,0.02725035605410928,0.06404871116253974,0.15904450561798528,0.33064531396668073,0.24910288805147562,0.4515571980180328,0.318944393332321,0.8288469906838767,0.5260576806281785,0.6125303197130925,0.45065048035687105,0.6208084342346258,0.5008912763433673,0.5199513207623787,0.4360303653246419,0.45236726953667517,0.49536324621770106,0.6035029386195506,0.4943017649314564,0.5051085296873715,0.5049647061203634
0.008174593386091429,0.005363376339483446,0.013812418016145779,0.03293320231059025,0.08076777307210145,0.20930001228649853,0.3486125216365864,0.7156057343820242,1.3762969925936657,6.0299100258119624,0.31639692680296416,0.5068567660142576,0.4941177030226115,0.501243879534887,0.40259971281397067,0.4273875042181522,0.45369540397291264,0.4949827349220308,0.6038271285722131,0.4942942229018691,0.5051214262357107,0.5051262311964446
0.019052525163592904,0.015316763191937512,0.03500637440816528,0.06632211127833798,0.13213822081770973,0.26278022418084646,0.29642900331898353,0.8442860201546982,1.9055617834294998,3.4929725763410366,0.5059350809706774,0.4672578213527331,0.4948421960421237,0.6415806593099386,0.5047640559197741,0.5066450239934852,0.5112512954133347,0.49540843267469115,0.5543473861461881,0.4977655270450181,0.505053598148794,0.5060550005668677
0.016086013526060046,0.014125455678280474,0.030948829397394316,0.024020485473190804,0.08339007078531548,0.16525788974375386,0.33198044962341205,0.6727132079400266,1.3053101072041073,3.3504314054184796,0.44106041157918463,0.5062810890715655,0.4974210316908256,0.5013880065014179,0.5049620728742477,0.505311455800277,0.718005818635548,0.4939719048965461,0.532447244364698,0.49779999546187914,0.5052182574970892,0.5048999704288604
0.019769156182788628,0.019777092540276108,0.044683379217408455,0.08403965808307888,0.16381885192887802,0.32405489917671004,0.6528869557358346,0.6067822497486279,1.8660175417294103,3.697901319098176,0.5056103932136159,0.5065834138133801,0.6832767657226998,0.5012437000722112,0.5061215606362817,0.506700682117275,0.5005644816766136,0.46950520487889225,0.49989965726530655,0.49794667770119916,0.5063942679334379,0.5051343115673484
0.020550552277239096,0.019518138356779253,0.0408170791877885,0.0477797641082528,0.1258773303482728,0.24959468584231873,0.501635789370744,1.02735992510896,1.9779640737356632,3.9268722473040065,0.5053052036873747,0.5068770695661525,0.4946913008622167,0.5012437000722112,0.5049075678203593,0.5054768841972683,0.6286514138726145,0.4953737934656562,0.5128830503832751,0.4949939317526272,0.5052216982523215,0.5048610518549027
0.0,0.0,0.0,0.0,0.17531440660399367,0.17182251388946274,0.34541426856577057,0.7078564150938247,1.3730715913842444,4.2544467653928955,0.3946369399671661,0.5049281084950615,0.4945354388289493,0.5012437000722112,0.505029561116068,0.0,0.5005644816949946,0.49510397576319704,0.49989965726300933,0.6027907710924603,0.5053424973123323,0.5049921729410298
0.02436453948871692,0.028943026472682685,0.0539697810288334,0.1104176785219639,0.2820479797269656,0.4675949376101958,0.5648169575400143,0.7281984144284187,0.5405829908226731,0.5362413304063984,0.5965785453927483,0.506280271216829,0.49420470296626723,0.5012437000722112,0.5056229511538304,0.4010591893682086,0.5005644816623658,0.4951988104232338,0.4998996572162507,0.49440235485002554,0.5052593199971596,0.5047033084881338
0.016334049032031183,0.016340606363666157,0.039109091680504894,0.07167294706405113,0.13986672855018167,0.2780085377337475,0.7458529961170578,1.3345418582908515,1.0808163783857498,3.6468984049362163,0.5051323283639682,0.7096564573502047,0.4948221554181881,0.4294204562370766,0.5047341727635384,0.5063354550004752,0.5003861793024548,0.45518180265807895,0.49989965721817775,0.5959557615760973,0.5050607210848886,0.5048403222731395
0.015006617625607923,0.011377980339992252,0.02702102812892617,0.053285176089237996,0.10387845170611532,0.3154680687943743,0.45055663029850007,1.0195385357779152,1.94249382089392,3.8475084701061775,0.5058512883558902,0.5068093116291925,0.48924305299448734,0.5386448698331674,0.4002933723702162,0.5066779703724452,0.5005644816742538,0.4940415438422206,0.5687643088279501,0.49468764263596376,0.504964015670242,0.5046406905069424
0.031819448795606935,0.02907153802096408,0.042071053959459995,0.10272982220067327,0.20102218561891794,0.3986810088270074,0.8013983193452003,0.7448062346551186,2.2904781734001696,4.5390582185696795,0.5056103932136159,0.5065834138133801,0.6832767657226998,0.5012437000722112,0.5049870182928125,0.5057407377172127,0.5005644816766136,0.5913925788342193,0.5225641832913688,0.49431671263217,0.5054898107661515,0.5051324896182428
0.017431118651416114,0.01230364438513062,0.030376469743157625,0.05997565907152691,0.11721256273319698,0.23292481550167132,0.4678908025190168,0.9604771630838217,2.0290478289711364,3.8448453101218147,0.5053261441190285,0.48339262367038094,0.49411087592734443,0.5012437000722112,0.5046516517341352,0.5060563331741912,0.5005644817102328,0.4946623394918333,0.586220197214677,0.49468865686385477,0.5049698295169098,0.5046204878987185
0.011617775474251947,0.007622458898328997,0.019607985671512108,0.046969623424594945,0.12203818266176018,0.1660784732640016,0.3720788656425158,0.7629296238271281,1.471496439016769,6.565025558560369,0.3122361699628463,0.5062820518170956,0.49439466602946447,0.5012437000722112,0.5558621268351827,0.41287156820187476,0.45268231493450944,0.49526681919385546,0.6038271285722131,0.4942942229018691,0.5058025664679855,0.5051305786449491
0.013854459219991688,0.013158442083021377,0.027744666952491608,0.06649993107217947,0.11468842742879438,0.2313682774395911,0.46499517770488286,0.9417027322513846,1.8275372453531624,4.244820362109176,0.46581640285840575,0.5062777588903182,0.4974937861181647,0.5012437000722112,0.5048978281376686,0.513920714778157,0.45158088002069696,0.4933181323350222,0.5128830503832751,0.4949939317526272,0.505219938569487,0.5048718131338524
0.023527102320492675,0.02353654731410279,0.03781378282549879,0.0846860015459082,0.16415851377052246,0.3274619110261165,0.8692887431833471,1.5625024906360123,1.260820513440694,4.265323309101275,0.5051323283639682,0.7104088874349105,0.4948221554181881,0.43201286840722847,0.5047339606578909,0.5080979394245586,0.5005644817094801,0.5544895535892038,0.49989965723351837,0.4946000843497422,0.5050584416147971,0.5053131385830071
0.01848894826700523,0.017640823127986226,0.03596630766212958,0.04269753991351192,0.11230602209986433,0.22239658378733512,0.4472656193171191,0.919437657251578,1.7711583659373364,2.399236912647212,0.5992317835410981,0.5062777588903182,0.4937573451983618,0.5012437000722112,0.5052314758423718,0.5054768841972683,0.6280495353628062,0.5011336520307322,0.5117372059976081,0.49780411782591605,0.5052394249581752,0.5048711711764221
0.010538665730206367,0.00928557807922848,0.02021270607178596,0.039946651325844296,0.07817800677838108,0.20111498356849283,0.5440267813968894,0.9251021998026424,1.7828862059214834,2.385500672253979,0.6022038962038025,0.506302366247555,0.4940388425914207,0.39773635559478454,0.4402224127694137,0.505708068006144,0.5005644816813308,0.49514870309172426,0.5316049293739393,0.4977798277335594,0.5052186743626238,0.5048929651505978
0.014778257592485413,0.00933829096031853,0.02399384287533772,0.04785400753120342,0.1336082115407517,0.22508441370554844,0.45240080842176833,0.9276699044970292,1.787775127211991,4.990843510865391,0.4205685811922956,0.5064806863749786,0.4943827982069097,0.5012437000722112,0.5049358049646213,0.41801327584461395,0.5013358281806509,0.5012752512900409,0.6127849331394977,0.494400552739807,0.5052461905437897,0.5049037818890212
0.022982131401574176,0.030921326072599183,0.055687426866509994,0.10898272092719072,0.22733931263998633,0.48652510976953295,0.8398460138180922,0.9479064634916318,0.5717087323353222,0.5369821688990463,0.6023223854210027,0.5062492593018073,0.49133776325402884,0.5012437000722112,0.505032655590341,0.5055977998890965,0.4999225560790501,0.4918752899972989,0.49989965726641433,0.49446059837969975,0.5053446419806076,0.5049941651376693
0.010564230552856418,0.0069312247736311484,0.017850131685236047,0.04273474845894115,0.11103497661226158,0.18524328841242885,0.3725008621600828,0.7637964270616401,1.4697835381637847,6.565025558560369,0.3122361699628463,0.5068567660142576,0.4943941686119616,0.5012437000722112,0.5051715436287212,0.41287156820187476,0.45268231493450944,0.4949827349220308,0.6038271285722131,0.4942942229018691,0.5058025664679855,0.5051305786449491
0.015262626394928716,0.009564696769335985,0.02533441411178109,0.05004860346754944,0.13972925253214855,0.26776262147814034,0.5051827645101794,1.0359297763866635,1.998391427515089,5.648648060373687,0.4174161534928737,0.5062293994738113,0.49437606619655555,0.5012437000722112,0.47259906753028036,0.41764820626511334,0.5005644817074608,0.49494544073776975,0.6147511873892645,0.49416876496926815,0.5058070493832998,0.5051361438882727
0.012238295697602684,0.009249114832532733,0.022463933285821008,0.05313957925735817,0.09506150249090416,0.187123197713977,0.37836738599764186,0.8413478343301427,1.5580776132695773,3.0961153064617974,0.5048737693246064,0.5064796235645922,0.47382573346525947,0.5005993833965564,0.5066300436167932,0.5052807571292723,0.45268231493450944,0.48889086577449464,0.569556563385749,0.4942942229018691,0.5051132291574276,0.4996360702295717
0.014046405361058485,0.014052044312622457,0.02869414312938443,0.05666450389766646,0.11078838592444844,0.21947043411969278,0.44151399573272926,0.9060643412944135,1.7435594289213612,3.4530123051215678,0.5058559635884918,0.5067520227335525,0.4941845320016689,0.5012437000722112,0.5053807496252529,0.5059504226016986,0.500564481681286,0.4947555356578884,0.49989965724747343,0.40071129330377725,0.5056865665464668,0.5053363105162194
0.023386260547620483,0.02352263405456996,0.04777966903609996,0.09447500490836161,0.18442980058937758,0.3665851036044191,0.7365053691388918,1.5075435378722561,1.2209445014350293,4.127548864347158,0.5046577234021117,0.7096564573502047,0.4948295333991131,0.5012437000722112,0.5047341727635384,0.5063354550004752,0.5005644816588352,0.49540190282516133,0.49854640033509645,0.4943109291196023,0.5050584416147971,0.5046995735449986
0.009447174987071478,0.006134092297892425,0.015959314265547475,0.03146944553930107,0.06134441827983665,0.12134230684128991,0.24363100760889378,1.0889154414570217,1.5307846828648377,6.8352862740651865,0.31264377157431844,0.5076323725904952,0.31004585315111727,0.5021107984991551,0.5061297890616258,0.5066970215862597,0.5005644816745509,0.4940069751095404,0.606316213841483,0.49443346982142683,0.5053696646897166,0.5060707589867286
0.017210387463694216,0.020658091524152173,0.038312033161867286,0.07839316280793218,0.0928931237965128,0.17140077372652904,0.22583671083107726,0.32503866401931275,1.9625354697340058,1.4172503168213495,0.5052674667144866,0.21566980613012926,0.4944957689143138,0.5012437000722112,0.4005753135997825,0.5060857067966753,0.5005644816879766,0.4952627711144233,0.49730132278492445,0.49445973509898766,0.4900644629741928,0.5061280876361457
0.006269783867373402,0.0062723008814511835,0.012846765594231889,0.025331588823134146,0.04950138613637506,0.09826098835501068,0.19656489553794537,0.8791112746466984,1.2398096661022535,2.466727259723191,0.5047424487539568,0.5068316917437943,0.31004585315111727,0.5024274512609334,0.504939563560747,0.5060817742349797,0.5005644817046507,0.4939997116590466,0.49989965726877994,0.4977748536659587,0.5064004171738858,0.49987256455075224
0.009184208593767368,0.009187895608721732,0.015597299466529678,0.033892789735264536,0.11162909452770295,0.17595130790248614,0.35367872735276346,0.7246240838709467,1.8185682266543266,3.1824507210906257,0.5054285525288689,0.44083860553804133,0.494593614526194,0.5012437000722112,0.5049796789565827,0.3780807090202506,0.5005644817085253,0.5408427060273969,0.49989965724900837,0.49431072741359355,0.5019359291184018,0.5049528296280901
0.014584648483468252,0.014342054226290224,0.029561524200120263,0.05836569290978288,0.11429768977170401,0.22646738784379963,0.3857440715746289,0.862297014108902,1.65986648508785,3.2920913612399665,0.5055151262617352,0.5068033333124524,0.4944496722159059,0.5426120899181214,0.5051180368099006,0.505529336465527,0.5005243041922982,0.4945730831322691,0.5041932580358733,0.5043357028219613,0.5052785548321032,0.5966254264849845
0.019129720771539693,0.023268735563675858,0.02871352191769561,0.07095159369180909,0.09305730528331366,0.2307894717830795,0.41374922248967716,0.8987478199166451,1.7479946851726285,3.448338227770196,0.5055961831848468,0.5043121438769987,0.49463333078011984,0.5296484732340512,0.5046483249987339,0.6042150472539226,0.5005644816574247,0.5962210217865772,0.4511890862321518,0.6017970174133339,0.5054276688234021,0.5053087839916354
0.018621954728061964,0.017919239786480207,0.03722372380234673,0.07359855035412334,0.14397256203219405,0.23937521714633728,0.29597736390943,1.002439139806636,1.7850000922013602,3.5293337972660517,0.5059350809706774,0.50610488356691,0.451957831294935,0.6419723706128371,0.5489539403653264,0.5058195799376985,0.5005644817004714,0.4953736186294381,0.5096153799967061,0.49443350827218985,0.505046061919531,0.5033762774943881
0.05525264004812201,0.06563549555730373,0.08346928901135947,0.21020304209813828,0.36911075368131,0.3512115309114288,0.6126093792922495,0.29959359477287795,0.7653887685282728,0.523874792661349,0.6214276850406846,0.5065725064243545,0.6852287559347137,0.5012437000722112,0.5058819791954056,0.5055584279580911,0.5005644816766517,0.5898940757708854,0.4998996572523586,0.6034177236598657,0.5061820013458599,0.5054488163551158
0.009571397280156685,0.009575239733268773,0.019521313166751698,0.03858073924105443,0.07560491160173388,0.174465574501456,0.32569486829750893,1.4204623432332415,0.8459894331811313,4.3564759597241345,0.40124920024472455,0.7102245803608496,0.3149368123498938,0.5012437000722112,0.4669863926489115,0.5053769679238722,0.5005644816745509,0.4951552105609375,0.4998996572319882,0.4977748536659587,0.5052454780849653,0.5060707589867286
0.6510670972800241,0.5482950521679336,0.59936480495385,0.5790316541354315,0.5801353129243354,0.5808098496335018,0.6002816243809962,1.1104412652802103,1.114463782260679,0.4773816363810636,0.5984151366801772,0.5072018130770993,0.4937420981151811,0.5012437000722112,0.5061179290387042,0.5064002963329309,0.5005644816620489,0.49400837751860327,0.4998996572199379,0.49350920635354784,0.5061276742683924,0.5057777031181304
0.006581749235536654,0.006584391488729408,0.010209913078485207,0.02838136415918123,0.0503590226691028,0.10011081931819153,0.20122364603293355,0.41237672270658804,1.9307651365864806,5.934759140080841,0.31637846215872023,0.2970326140093056,0.4945295939910899,0.5012437869160934,0.5049588302619225,0.5068470624523741,0.4516464445723378,0.5632319652993124,0.49989965726297136,0.4943010537442232,0.5051128157182484,0.5050007838182178
0.01417042423959307,0.013934719995764485,0.03382019492460365,0.061795604341255646,0.12101123512738574,0.2397727505048361,0.40840722327833134,0.9125363365774276,1.7571432518318613,3.4848566059104957,0.5055151262617352,0.5067795078234538,0.4945652882689983,0.5426120899181214,0.5051180368099006,0.5055360688345427,0.5005243041922982,0.4538553137796842,0.5041932580358733,0.5043357028219613,0.5052578309753888,0.603853278161504
0.01497775187883319,0.011356094402234921,0.02696905224901626,0.05318268021453734,0.10395987213877476,0.3154027874562497,0.4507303176627889,1.0195539327582344,1.94249382089392,3.8475084701061775,0.5058512883558902,0.5068093116291925,0.4892353395884857,0.5384597430565893,0.40020187487529324,0.5060008581683393,0.5005644816742525,0.4940415438422206,0.5687643088279501,0.49468764263596376,0.504964015670242,0.5046406905069424
0.013822413643552352,0.017143555822997553,0.03164078183957578,0.06246554925617549,0.12242622641060769,0.2428221475569166,0.48599882145085543,0.9968237878582362,1.4624822569250204,5.025994817440242,0.406024543210904,0.5743184932197744,0.49480415536836675,0.5022133395352455,0.5047686949163183,0.5053456361620753,0.5005644817010456,0.49461070604249796,0.44637432257638876,0.4945716136816712,0.5054397391765716,0.5047226477494282
0.015325440723065001,0.009609591628429498,0.025761481940869236,0.05058217435816605,0.14213022333787842,0.23842525911308798,0.47944308990364204,0.9830767019551777,1.8917027873605647,5.3643851427740765,0.4169426637213901,0.5068626690149132,0.4943941686119616,0.5012437000722112,0.5051715436287212,0.416084554272002,0.5005644817074608,0.4918490491810872,0.614614832137824,0.49416876496926815,0.505353289178233,0.5051305786449491
0.037183650453796714,0.04417105358106517,0.08237395670698686,0.20506807193977414,0.31999536735623424,0.3058632963316512,0.5323196277508513,0.7970187647609087,0.3207457027520855,0.7425667695770735,0.5055148251322803,0.7272984549271913,0.5023938757795636,0.5012437000722112,0.5049567858344852,0.5056094936356238,0.4516464445723378,0.4951726470547527,0.49989965726297136,0.4943010537442232,0.505367456853407,0.5052230927297695
0.03440873532406208,0.04076696425334663,0.06383352413608838,0.08534314720207989,0.23532213847466427,0.5036231854487992,0.8693597951366426,0.9661352616152153,0.5849158374428229,0.5488491508089194,0.6023223854210027,0.5065397689092449,0.49452211073719293,0.5012437000722112,0.5050325090019805,0.5055977998890965,0.5891413679611154,0.5324349455060209,0.5185805706771545,0.49430779959600907,0.5053451959084843,0.5049941651376693
0.013906979896447395,0.013941065359487541,0.02843753696574098,0.05615863681279456,0.10973999454300119,0.21768043843417825,0.4887813949804455,0.9495054262687255,1.830051150779706,3.6273225237020448,0.5055129045780296,0.50648566534219,0.49444683254423183,0.4736623317747176,0.505119501104142,0.506085545970903,0.5005644817046684,0.4947633862302038,0.49938800977363246,0.6030341470112721,0.5054241166774381,0.5050748547609353
0.021778058603405266,0.021786801440561658,0.03500264363932547,0.07839030406002999,0.15302998037863538,0.30417270436996463,0.807464966852025,1.4513773837532697,1.175438925226514,3.966174483690664,0.5051323283639682,0.7096564573502047,0.4948221554181881,0.43201286840722847,0.5047341727635384,0.5063354550004752,0.5005644817094801,0.5544895535892038,0.49989965723351837,0.49459641111628383,0.5050584416147971,0.5046867745205631
0.020377294225362053,0.015413685170022305,0.03655870016248641,0.07218650350466038,0.10965105462212156,0.24461867397492323,0.4963306089345302,1.0156041660184267,1.9566485936441818,3.887016862216199,0.5051163905063363,0.5068170891671173,0.494910421428135,0.5012437000722112,0.5095914698343229,0.5686209283325397,0.5005644816742525,0.49469437341123274,0.569341620978104,0.4946825553120793,0.5049771885916615,0.5046960464452918
0.016110371767385466,0.016116839301145304,0.032875631816990145,0.06495601120737053,0.10646757065280892,0.2998654412928053,0.48119336817889513,1.064222918886222,2.2018874518635587,3.6095969299125223,0.5427007279963261,0.48598414665356976,0.48879875539941264,0.5271222969848134,0.44095826152725626,0.5498702913753644,0.5005644816693737,0.4950200273926626,0.4998996572532124,0.49782382822216836,0.5058363424519899,0.5060750356170552
0.009238259748116193,0.006061251173098351,0.015609670029560449,0.037370890814888515,0.09148458056438971,0.15649356598216668,0.3146893835866902,0.643956678282623,1.2406089486293561,5.443369252055279,0.3160636226076208,0.5068167662883627,0.49489801839010983,0.5012432369350546,0.5051715436287212,0.42737909024209975,0.45268231493450944,0.4949827349220308,0.6038271285722131,0.4946686328357757,0.5051132291574276,0.5046485689064234
0.021863126167209705,0.021871903152000657,0.04479790282241743,0.088286445405437,0.17067224996866925,0.3396504705843675,0.6837321852098115,0.47639323869789774,1.805828221967578,3.569001585354657,0.5058220039682387,0.5056718059071643,0.7421092326789236,0.5012437000722112,0.5057056298493767,0.5088450009894371,0.5006970014814275,0.49399729864641345,0.49989965726641117,0.4944530640457734,0.5037924063288035,0.5048458683362405
0.011024025747014297,0.006912452792999558,0.03085672982729267,0.04868316111878069,0.13591711341136234,0.2286148899830773,0.4597156763473599,0.9426265190963249,1.8139127384868607,5.136924815121565,0.4172643006516634,0.5068562016405888,0.4943941686119616,0.5012437000722112,0.5051715436287212,0.41764820626511334,0.50056448167441,0.3676019499474447,0.614614832137824,0.49416876496926815,0.504968597501105,0.5051305786449491
0.01878203834924322,0.011777000201638108,0.031179501290807272,0.06159929593741838,0.12074195321336473,0.2390824003090294,0.48076451787086794,0.9857862311469591,1.8969614459474176,5.379232962162006,0.4169426637213901,0.5068567660142576,0.4943941686119616,0.5012437000722112,0.5051715436287212,0.5053176925800733,0.5005644817074608,0.49497507762965437,0.614614832137824,0.49415255053267887,0.5053602088557585,0.5051305786449491
0.022117645619665616,0.022126524785975227,0.04512545439191379,0.08915561145263191,0.17457778876178584,0.34689677682075776,0.6965260831447476,1.4274137400171276,1.061899868425716,4.705756581107842,0.4522837735517874,0.7267257512247295,0.49453107021724857,0.5012437000722112,0.5044330356772713,0.5055896540227415,0.5005993924148147,0.49506944340278203,0.4998996572177961,0.4942970653505039,0.5050506872058874,0.5049668550905438
0.014832275922072612,0.012242007411313496,0.05644075276651346,0.08332667790830363,0.16293955738850968,0.3232161845924363,0.6497569844059634,1.3315327073785028,1.138064285561793,3.6844390404957013,0.5058947876534969,0.6983143522883423,0.49453775056228927,0.5012437000722112,0.5050268854373497,0.5059162799075382,0.5005644817086531,0.32418453727302726,0.5478363264294605,0.49624243897260334,0.5056591214747064,0.5049910982507024
0.013097351866565651,0.013060916018330588,0.026931782539894176,0.05297031215566839,0.10375529284883628,0.23942785210792356,0.4470141560952595,1.087607988823807,2.3793679716185,4.271275305324057,0.5053250462477159,0.45467784294428193,0.4517733660657887,0.5012437000722112,0.46704215399687754,0.5054930832661324,0.500564481707439,0.49271506950164107,0.5006964499407107,0.49441710313950166,0.5053000882562336,0.5048869222187794
0.013425402267354046,0.013430791915410028,0.027395067303936944,0.05412890424749863,0.10594375577466675,0.20916784665239266,0.42191531777359476,1.072927286343755,1.781778101970116,3.619483855755427,0.5055077230258442,0.5184529890995029,0.440698502905244,0.5009323617070947,0.5060875738846834,0.5056839431230548,0.5005644816944756,0.4950335429407023,0.49989965726306373,0.6030341470112721,0.5054089348159172,0.5050748547609353
0.00911700353950851,0.009120663574378959,0.01859292479921358,0.03868068293372001,0.07383629799555978,0.1464148785983924,0.2942947430898802,0.6031132156225137,4.153938216547441,5.217852534206129,0.5061172062313283,0.2231431028341393,0.494528853137506,0.5012437000722112,0.5049578542335279,0.5056076467109011,0.48774957101193184,0.4951771385297809,0.49989965726297136,0.4943010537442232,0.5058366745294487,0.5060452713772554
0.030500723160155417,0.030517556553122174,0.04902577669555292,0.1097958651793229,0.21433332250114517,0.4260285562209477,0.8547812961532488,1.2491653930011708,1.2127295742290514,4.0920008600169595,0.5051323283639682,0.7096564573502047,0.5785752982885234,0.5015803374879249,0.5047341727635384,0.5063414767745058,0.5005644817094972,0.5544895535892038,0.4998620627044399,0.49459641111628383,0.5053112018856989,0.5046867745205631
0.013080376890237038,0.013085628027309048,0.026939748360939614,0.05298597959347153,0.10378598135208088,0.23949866953048116,0.44714637292008885,1.08792967902753,2.380071735635855,4.27253865336604,0.5053250462477159,0.45467784294428193,0.4517733660657887,0.5012437000722112,0.46704215399687754,0.5054930832661324,0.5005644817073481,0.49271506950164107,0.49989965726352653,0.49441710313950166,0.5053025732491218,0.5048869222187794
0.019509507346147786,0.021010620255589633,0.08299713107922828,0.1232386802532635,0.24091638447265046,0.4766484046163934,0.9595353281911974,0.6819612592798822,2.321894838988748,4.814389461289113,0.5058161317579833,0.528808752175926,0.7382927593485169,0.5012437000722112,0.5057158984921354,0.5059871702588981,0.5005644817079286,0.32805235506721675,0.48147694740505353,0.4939223324275802,0.5057225981507946,0.5049909352974266
0.009662102475296077,0.009636559472848793,0.04023120369714837,0.0593956031416468,0.10440109892502149,0.2189105932226455,0.44004257818410214,0.9017695839421843,1.7494086366656483,5.69267684501242,0.3829835607768919,0.504901811029036,0.49453775056228927,0.5012437000722112,0.5049927673196701,0.5325182310611865,0.5005644817086531,0.32418453727302726,0.5006617816954335,0.4943099868845949,0.5056527906087264,0.5049920190843427
0.007715584512939439,0.0077624541782821375,0.015791948279947333,0.03769353640847411,0.0671405396830263,0.1334126381482716,0.23133602220327015,1.095599729032326,1.439409372994646,2.9526679576297448,0.5069461011988803,0.5258646619117899,0.31372855649202863,0.5381156747510534,0.5049930577628494,0.5066970215862597,0.453427920134361,0.4949806568673153,0.498485930088504,0.4977748536659587,0.5049659251497634,0.5051387209536374
0.01691065600931317,0.010542991310668102,0.02836449599691778,0.05569225216002217,0.15648896746993035,0.26251223519617306,0.5278789573225044,1.0817979994776339,1.368253027905933,4.906244387482573,0.4169426637213901,0.6100111700321322,0.4945314528577304,0.5012437000722112,0.5051715436287212,0.416084554272002,0.5005644817074608,0.49184092641916355,0.6159711972771386,0.4943494814689039,0.505353289178233,0.4954940160496689
0.011685894243448656,0.010261621434638768,0.022372991147767578,0.04422054721856345,0.08667969946926016,0.17177753809900248,0.3450758262292138,0.6992504819431355,1.35019192652504,3.4742227564205437,0.44106041157918463,0.5075018101961531,0.4974210316908256,0.5013889158212289,0.5049614299232912,0.505311455800277,0.5005644816880167,0.49520001574720324,0.532447244364698,0.49779999546187914,0.5054328162826598,0.5048999704288604
0.012474949383557797,0.01247995747310999,0.02543880639829634,0.05028005625620314,0.1503459606931434,0.2454366304721267,0.5140025471539302,1.034157223431617,2.008597067593695,3.9707542095195616,0.5051382928880076,0.5044432727691771,0.49420470296626723,0.49131771399038504,0.5056229511538304,0.4010591893682086,0.5005644816882932,0.4951988104232338,0.49989965721809826,0.49460550540352843,0.5050622616644179,0.5047033084881338
0.0385066619346255,0.040107907121799055,0.08006255559439358,0.09721475447829785,0.1802740172357852,0.6218308846535083,0.6192584954503293,0.9066968300952134,0.39255738815864266,0.5010911085769555,0.5992317835410981,0.5944908413384163,0.47328030089337525,0.5012437000722112,0.42428921639594463,0.5266164044416614,0.6280495353628062,0.4951325133650648,0.5327174116456287,0.49493151618347664,0.5052276828388355,0.5048711711764221
0.014971434471517019,0.011351304559644379,0.026957904197036506,0.05316047510682378,0.10391646627526022,0.315252646390342,0.45097329529428065,1.0197742336057964,1.9427130387063651,3.8479841676908686,0.5058485930374459,0.5068093116291925,0.4891826234309225,0.5382132883141655,0.4002159246592599,0.5060008581683393,0.5005644816742525,0.4940394378953466,0.5687643088279501,0.4946862814163897,0.504964015670242,0.5046401573167562
0.0060679549509936315,0.005329118076058724,0.011674666212473065,0.025728514622434598,0.047774350378257696,0.09467818212843462,0.19019388544780141,0.38983169359502606,1.8743127447039034,3.352660015264555,0.44106041157918463,0.2915334733559192,0.4945642052502673,0.5013880065014179,0.5049578940725277,0.505311455800277,0.47277908235452704,0.4939841296198175,0.532413448311737,0.49779999546187914,0.5052182574970892,0.504904154756568
0.03588000528011085,0.02207601024134023,0.03997286349837415,0.11167745550633543,0.20484778968038683,0.4053263959186105,0.8157127448327388,0.7581096599535635,2.332362807743109,4.232873051510654,0.5275198992315532,0.5064791114274492,0.6832767657226998,0.5012435927984467,0.5055671780823381,0.5057407377172127,0.46720381443244446,0.5918174097522159,0.6190902697034218,0.4943137209345192,0.5052734626292917,0.5051324896182428
0.012411003640385587,0.012415986058902904,0.025308408804737583,0.050022324103399,0.14957529751163576,0.24417853897684388,0.49146054438340053,1.008482057691159,1.9441668541845125,4.491727395289288,0.467157597536651,0.5063086645287332,0.49420470296626723,0.5012437000722112,0.5056229511538304,0.4010591893682086,0.5005644816878988,0.4951988104232338,0.499899657216246,0.49440235485002554,0.5052517519867333,0.5047033084881338
0.014263512783695578,0.014269238894249317,0.02910526514905363,0.057508021170349054,0.11255608305878065,0.22222426851799384,0.44902803512528583,1.1374407558570367,1.4323000136732835,3.392852621282153,0.5055266373555044,0.5870781566348191,0.4414439953908007,0.5004996662923911,0.5060874986054046,0.50568715593547,0.5005644816743606,0.4950335429407023,0.4998996572321806,0.6030133228459751,0.5049663085100852,0.5050748547609353
0.014535579818899635,0.012790659197009967,0.027876170247526127,0.05507790682343579,0.10736618907535271,0.27592969955249613,0.49112685418380303,1.0085350590564652,2.100725188629066,2.1519425563532075,0.6554634982376738,0.48687249217632056,0.49402178797824897,0.5012437000722112,0.44095826152725626,0.5066946331376806,0.500564481697268,0.4950189562470711,0.5319275664110557,0.49782382822216836,0.5053509243149659,0.5050305480580175
0.0313181908508173,0.029728030949023123,0.06945679987380099,0.0772879475502329,0.20328810426107943,0.35219834084533197,0.7594896832318879,0.8931041892633803,2.3559641612454976,3.1817771373736954,0.599958244987139,0.506277157524813,0.6303179750785002,0.5012437000722112,0.5385709910539439,0.5054768841972683,0.6280495353628062,0.46777630906128165,0.5130242286493014,0.4949939317526272,0.5052276828388355,0.5048711754310455
0.007079759687344033,0.007077062826676938,0.014503320474887973,0.02859550346377725,0.05590004023681095,0.1104852408986637,0.22253111917460588,1.0009255618049753,1.309928606916219,2.6976374908139293,0.5054438484082403,0.5248762599501515,0.3083220123654018,0.5012437000722112,0.5059703870387963,0.5059900048134349,0.5005644816637003,0.4939550552661044,0.5000952495047679,0.6034177236598657,0.6013893912784016,0.5051207530143387
0.04187039171093473,0.04973850854646677,0.1084267228137437,0.20594627683684122,0.3599814980649129,0.3439658861244094,0.5987923553562577,0.16812396277296945,0.6271954878601236,0.7684703699241962,0.5058157027563419,0.5283682833763889,0.7382927593485169,0.5012437000722112,0.5050662846685481,0.5056860703616944,0.500564481683523,0.4562607145932244,0.49989965724119256,0.4939223324275802,0.5054199839800521,0.5050284166285597
0.02595913356388251,0.01611069127172036,0.04346419196416074,0.08534110503868772,0.23979891084084676,0.23643610301997012,0.6438988796879436,1.320286712098957,1.0495284099366855,5.119337875138888,0.4169426637213901,0.7133081594365983,0.49439402890994466,0.5012437000722112,0.6346277241284795,0.416084554272002,0.5005644817074608,0.4918490491810872,0.6170487675031583,0.49416758167128383,0.505353289178233,0.5046887728639703
0.012773690773523683,0.015982581693665024,0.0293659119141357,0.05799109674102925,0.10803231419778052,0.2193710053363328,0.44131566874177625,0.9047325916989852,1.741857228480903,3.4497103155390088,0.5058523294859175,0.5067547338446343,0.49443989912482394,0.5012437000722112,0.5053826508147996,0.5180261559747171,0.500564481681286,0.4947555356578884,0.4442053742569951,0.40071129330377725,0.5056846771052868,0.5053318061057905
0.02269095319434588,0.02270006251185082,0.04627540094026743,0.11129414630729206,0.19845853004070957,0.39354233232658165,0.7910164636908684,1.6210844123126285,1.303837191310225,4.413844501063534,0.5054374103974167,0.7109584921058245,0.494526685171315,0.5012437000722112,0.5049541779116534,0.5056076467109011,0.4516464445723378,0.49517606738418934,0.49989965726297136,0.4943010537442232,0.5053526336795915,0.5050007838182178
0.015926744651492897,0.0120472239899204,0.028576164685940108,0.05642259126191138,0.08570572525350341,0.29765364945319017,0.4938690727575852,1.0105673088286655,1.9469446559620733,3.856385078809327,0.5058512883558902,0.5068170891671173,0.494910421428135,0.5012437000722112,0.4002933723702162,0.5686209283325397,0.5005644816742525,0.4946755559262711,0.569341620978104,0.4946825553120793,0.5049771885916615,0.5046406905069424
0.016877444135160437,0.012631674740081318,0.030145423126100385,0.059519998313252026,0.11634591876030755,0.23065976585198172,0.4638668257586885,0.9500081157889121,1.829478719930354,3.595081106446661,0.5078342787450252,0.5068170891671173,0.4946913618655213,0.5012437000722112,0.5052133198310614,0.5060050442441331,0.5005644816742525,0.49466675772278734,0.571939955459689,0.4946825553120793,0.49556835057035303,0.5046406905069424
0.03764586884753969,0.042432461349864406,0.09064574304479309,0.10443292824561165,0.22275002300402644,0.3952106548678267,0.5244888137367922,0.6721753905837075,0.504219256541752,0.4966070016557616,0.5992317835410981,0.5062777588903182,0.4937573451983618,0.5012437000722112,0.5385709910539439,0.5054768841972683,0.6280495353628062,0.46790387534115807,0.5130242286493014,0.4949939317526272,0.5052276828388355,0.5048711711764221
0.042933130841646114,0.051000953376113635,0.0972013790114045,0.19673794334051795,0.33973022554181237,0.32406489916168274,0.5650523721182316,0.8872452335248435,0.38535957219491035,0.819278944078994,0.5061061214510276,0.709707646770586,0.49384804056066467,0.5012437000722112,0.5057211931594728,0.5062871762618953,0.5005644816754793,0.4897387072172957,0.4998996572183394,0.4936225886494872,0.5049699892511135,0.5056664583241556
0.019330425744373027,0.026309971020986096,0.031280701142359736,0.07894393385928386,0.16432169267559305,0.32890331836725906,0.3410763172332936,0.42040414191376935,0.5481296790308366,0.6553397552236638,0.5054733418196766,0.5064456841969053,0.5284752820857147,0.5012437000722112,0.5050749734557466,0.5056442948199027,0.5005644817077975,0.5402599103583667,0.49989965726638114,0.49426604389981127,0.5053862789916057,0.5050358290400891
0.02167624663214836,0.021684948593869404,0.044801432722963844,0.08795422930121913,0.17221705023284647,0.34139160556496334,0.6863027800729721,1.6524529914975072,2.95371272154206,2.9466147931529862,0.6699879167107344,0.5062492593018073,0.4543624885878489,0.5012437000722112,0.505032655590341,0.5055977998890965,0.5005916487808615,0.4918319273684791,0.49989965726641433,0.4942840355257238,0.5053446419806076,0.5049941651376693
0.013249370756339012,0.012370723489176855,0.026088961220473907,0.051592431865833545,0.10073568810176883,0.19942034800035222,0.39721210855769684,2.145841010283722,1.290782514429892,4.144880137941077,0.5055124736458981,0.6953756875690066,0.2717348515576193,0.5039001197414671,0.5057215780659445,0.5062875778019422,0.5005644817086786,0.4954662972400799,0.5171476197304766,0.49426892759401164,0.5050497468330024,0.5047122717639139
0.015845036956643216,0.015792985135345612,0.03223030551115479,0.06372428021828491,0.16484386343928945,0.2699669376018278,0.6422865787434879,0.7669144666767135,2.4010769589507626,4.264504682109797,0.5062622670120559,0.4508914023134344,0.6110201186597997,0.46684492661896926,0.5199763490981807,0.43630880673455735,0.5005644817020289,0.49536324621770106,0.5008226149717302,0.4945822786891104,0.5054004738307397,0.5049647061203634
0.009478686922312927,0.009482492155524849,0.01933061312852198,0.04649087943100496,0.08290203841181337,0.16439193484964335,0.33042872893626346,0.6771644343709738,3.1705076774355985,4.413138028529291,0.5054374103974167,0.2970326140093056,0.494528853137506,0.5012437000722112,0.5049578542335279,0.5056076467109011,0.4516464445723378,0.49517606738418934,0.49989965726297136,0.4943010537442232,0.5053512563924246,0.5050007838182178
0.010760856181779651,0.010739646791111468,0.02192008391168932,0.04350253603253075,0.08338604511610377,0.16696485712622353,0.33560031742252205,0.6877628342237065,3.2201297579762502,4.482208698897709,0.5054374103974167,0.2970326140093056,0.494528853137506,0.5012437000722112,0.5049578542335279,0.5103842847741397,0.4995286113452892,0.4951684100918129,0.5004932301047776,0.4941755958116222,0.5053512563924246,0.5050007838182178
0.03209304384946716,0.03213261556663263,0.04437505982644536,0.1083557832880988,0.1860135786477708,0.394933886403902,0.793999980640782,0.735000267253766,2.266397059837346,4.491357625967538,0.5056107582273832,0.506586456234071,0.6841295561866785,0.5012262005336102,0.5050358157754641,0.538393574769107,0.5005644817085207,0.5913925788342193,0.4996919321846966,0.494398368566609,0.5054826050925998,0.5051327664173934
0.022969221233306,0.023521295632299474,0.0950507003413815,0.14004814544540095,0.2286332504025658,0.4864371112685954,0.583736477906064,0.7544598603622247,0.5589531018565888,0.5472574362432635,0.5986270705207962,0.5060488135779895,0.49488168587494547,0.5021970774091681,0.5050400713126507,0.5055977998890965,0.5112373317576695,0.3283510228316374,0.5369445574743885,0.4945725117536985,0.5053566824942792,0.5049941651376693
0.009773574048675031,0.009777497665143055,0.019944286302575668,0.03940628095471934,0.07714536190516365,0.19806336005088562,0.35234447557013465,0.7388799346500586,1.4174198198929164,4.473992386849313,0.39019399192416243,0.5048755403871862,0.48878284159488483,0.5012498218327609,0.4406733552435489,0.5056273976945636,0.5005644816941447,0.49502201513663496,0.49989965725343716,0.6030341470112721,0.5054252795256875,0.5050748547609353
0.015515515311015431,0.015521744037901677,0.03163092663578947,0.045585831163326616,0.1037140534129026,0.20735090541254642,0.41723812372287994,0.8545262337773468,1.6492739570904993,4.338539037533398,0.43500486890825873,0.5062582192182423,0.49468709385123155,0.5012437000722112,0.5055055523514889,0.5107090745391898,0.578899403788501,0.49526340775990196,0.49989965726650953,0.4944533633047205,0.49563303505114364,0.5048450939663476
0.009212454645364007,0.009814149848868949,0.019409270906139434,0.038349187874905065,0.07507589921485511,0.14869326008131742,0.31005978026558395,0.6087571936282343,1.1862797382737855,3.7596180968933273,0.39019399192416243,0.5068778594836063,0.5007613798055023,0.4922163939493942,0.5052697685990123,0.5056273976945636,0.5005644816958511,0.49502201513663496,0.4841880561587508,0.601422574181778,0.5049806712595942,0.5050748547609353
0.005763121913691565,0.0037642350412140702,0.009720580964938254,0.023201891623383816,0.04132770956749129,0.0821208585461888,0.1650751340463491,0.7239942895370337,0.9508962706835244,4.389242894703082,0.3136560648818495,0.5259418250159091,0.31372855649202863,0.5012437000722112,0.5049930577628494,0.5066970215862597,0.453427920134361,0.4949806568673153,0.604902486699014,0.4977748536659587,0.5053713280446248,0.5051387209536374
0.01460176248696051,0.009226764778145215,0.024313258538863854,0.047885234604039664,0.13371650684564151,0.22525198899766338,0.4527376613513681,0.9283607591259366,1.786408927607815,4.990843510865391,0.4205685811922956,0.506857828824644,0.4943827543050421,0.5012436776332826,0.5049358049646213,0.4179748676966625,0.5013358281806509,0.4949655869047741,0.6127849331394977,0.494400552739807,0.5052461905437897,0.5049037818890212
0.016137715186313396,0.0161441936971176,0.032886246263153736,0.06502117615594542,0.1681987124247996,0.2755446512024857,0.6520887701888242,0.7463647393812011,2.4043676002179617,4.284694154649015,0.5053143337292254,0.45065048035687105,0.6215930036022206,0.4681261391082392,0.5199007590320651,0.43630880673455735,0.5005644817020289,0.49536324621770106,0.4998996572534233,0.49455920665947406,0.5054004738307397,0.5049647061203634
0.017085532295168928,0.017092391311032035,0.0350037288274489,0.06902562147944057,0.13527025294326164,0.26834832456623847,0.8128348063200117,1.3830111358692672,1.1200705904060217,5.704550976292323,0.40343275809023504,0.7096564573502047,0.4948221554181881,0.39997164479958075,0.5047332572602863,0.5053697665829988,0.5005644817012577,0.494031616821816,0.49989965721817775,0.49457234279728035,0.5054353882229681,0.5058062942427317
0.023836561821021188,0.02226577158571779,0.04701367045270983,0.09290599183149943,0.18136546759720334,0.36007547218898156,0.7238529321783245,1.485352370283466,1.2639263972170238,4.1151541939345835,0.5051372668281221,0.6991077437849224,0.49420491184732934,0.5012437000722112,0.5050256794831576,0.5063373530115434,0.5005644817086531,0.49510644245780544,0.5170359081550717,0.494314415790625,0.5050482528895825,0.5046961394746875
0.015154102626762983,0.01850299053888645,0.03143450149740459,0.06643222845857882,0.13835946255526668,0.27284579344609405,0.284736276189315,0.465232771858402,0.5216252144498813,0.637174737930241,0.5053869085168573,0.5064805442396321,0.49439572705604046,0.5018569700080111,0.5049887529482231,0.5055583270562524,0.5005644817051,0.4951480112229741,0.5216906463154798,0.4943163680172989,0.505301738570174,0.5049512340018052
0.008392346721283186,0.008395715842150632,0.017116875778863817,0.0245657026361582,0.057150646810867685,0.11314960625280805,0.3494960123683061,1.6161701377942124,2.13980508163935,4.238034439002238,0.5056115598997527,0.506302366247555,0.26351492194209847,0.39561470923905234,0.5054020891662474,0.5057082661542109,0.5798626075399155,0.49515095393906394,0.49989965724589375,0.4944069805137026,0.5052210316808126,0.5048947801740431
0.006561256055942947,0.00600850128301387,0.012815732040660424,0.02532823544302611,0.049611888381179074,0.11494289582095374,0.2142002483755936,0.9167068340343743,1.3063897543091194,2.5966610390577336,0.5053250043518787,0.5074995017916264,0.3190287805936558,0.5012437000722112,0.46604872054126373,0.5054913018035871,0.5005644816742545,0.4951552105609375,0.5219874878258768,0.4977748536659587,0.5049804278894865,0.40373192061121466
0.01040151130567624,0.011519354587204208,0.022457268697978157,0.04427804501533577,0.08655712255949377,0.1710383913009163,0.34453343443968554,0.7075830962359596,1.3610149812051022,2.6909470359059573,0.5062781672313545,0.5067684044145737,0.49399372495753996,0.5012437000722112,0.5060287226655463,0.5059900048134349,0.5005644816637003,0.493956451639495,0.4745027571677489,0.6034177236598657,0.6013893912784016,0.5051163914165967
0.015590947631197154,0.01558434543345373,0.029490773798789238,0.06052924179692277,0.08322199960954633,0.20027208648558165,0.40268114116783277,0.8255035529716452,1.5892814813421179,4.09654420948525,0.44026338929280845,0.5067645100620706,0.49444751522127683,0.5012437000722112,0.5051214855615775,0.592881834156326,0.5005644816950002,0.5138835378074988,0.5001058883027937,0.495627869445698,0.5049719934941708,0.5050748547609353
0.008521497309617607,0.007816877841846622,0.016666026727781332,0.03292996439364975,0.06445168671389354,0.12724930443951005,0.2566763084208031,1.0933006565366046,1.4935447391517744,3.035801484701722,0.5053247529978698,0.5183911328850035,0.31992269447431215,0.5009323617070947,0.5060875738846834,0.5056857291291423,0.5005644816944756,0.4950362442937779,0.5215633274802065,0.5030394217083883,0.5054089348159172,0.5043609379638313
0.013280622128224374,0.008713457799299308,0.022998493079589816,0.05439848231525463,0.13314294050434392,0.22777300039953283,0.4580475754890517,0.939198977007812,1.8100244984442946,5.141463854376287,0.4163424454281117,0.5064796235645922,0.4943892854914347,0.5012301461803436,0.5051715436287212,0.4274259123661036,0.45268231493450944,0.48883801164352914,0.6038271285722131,0.4942942229018691,0.5051132291574276,0.505122619407451
0.022584602212351215,0.02259366883914167,0.04601667399006383,0.09098926574974824,0.1776250994043123,0.35305962084104425,0.7093313498525801,1.4519642352232196,1.1759142034476213,3.967778170885935,0.5051323283639682,0.7096564573502047,0.4948221554181881,0.5012437000722112,0.5047341727635384,0.5063354550004752,0.5005644816609385,0.4954032378758006,0.49989965721817775,0.49460613583445057,0.5050584416147971,0.5047014532520656
0.02147629298849319,0.023436033556017616,0.04574347698619744,0.09045134020774202,0.17699091426752483,0.3513804701572835,0.7059577717065418,1.460612634039968,1.176685180070797,3.9703796057582506,0.5051323283639682,0.7096564573502047,0.4921461116955417,0.5012437000722112,0.5047341727635384,0.5057473496140221,0.5005644816619202,0.4954159005308188,0.4781825979825137,0.49460805940590036,0.5050658340919751,0.5047014532520656
0.004103359943877514,0.004705322918841986,0.008987331467353117,0.021451710699297553,0.038375228589173235,0.07608797849291551,0.15294814827062808,0.6508787645852289,0.8624967566093521,4.520922821139618,0.28702835869177257,0.5261096927156306,0.3202579219127933,0.5012437000722112,0.5049930577628494,0.5056200930235442,0.453427920134361,0.4949806568673153,0.46583127214670617,0.4977748536659587,0.5053150425459405,0.5051428664845088
0.015611631381773891,0.015702668292801196,0.03194400595393011,0.06311563408570438,0.12306607884689302,0.24476075487842852,0.49209538828740435,1.0309485407463297,0.8253204310921799,2.790081946377675,0.5046588385924846,0.7096564573502047,0.4889323345440819,0.5010673189422336,0.5047341727635384,0.5066305737274996,0.5005644816610271,0.49502273833373694,0.49854640033509645,0.49782230915535786,0.5050528072701285,0.5046995735449986
0.01488503243654559,0.011259257543473358,0.026707098504427658,0.052732188495769286,0.08010001593613333,0.27710111796758996,0.4604881618070662,0.941577922276505,1.8146833699757645,4.386539740945961,0.4561741198846142,0.5068170891671173,0.49509208735763266,0.5012437000722112,0.401231044477864,0.5686209283325397,0.5005644816745489,0.4946755559262711,0.569341620978104,0.4946825553120793,0.5052413319546509,0.5046406905069424
0.018591954615321888,0.018582398504312005,0.03801503884170815,0.07501981127628683,0.14683121776940222,0.29143919989798295,0.7813694338574396,0.4486227490069,1.633371136695017,3.3779214440778094,0.5054117164388473,0.5268118611227189,0.753296835245403,0.42959450083868006,0.5047590612402466,0.5056860703616944,0.5005644816742252,0.49440954568094864,0.5001285309656786,0.4939223324275802,0.4988538788525293,0.505150479384081
0.02669486961898314,0.026705586319582045,0.042225325558197704,0.08246410306403952,0.17420867404405674,0.3456900769557022,0.9230544126286295,1.6549684044896045,1.340322857743936,4.522527614222826,0.505132296393872,0.7096564573502047,0.4948221554181881,0.4305799505696406,0.5047339464516135,0.5055084110081456,0.5369523470274074,0.5584315767434841,0.49989965721817775,0.4946062664833806,0.5050584416147971,0.5058024437333214
0.023000776044975513,0.023010009745626076,0.04686463825363257,0.09266595463316328,0.18089825505756058,0.35956556565270137,0.722402430041036,1.4787200538590617,1.0079140842648573,4.488436798017083,0.46715163301261153,0.7438619095289233,0.4948221554181881,0.5012437000722112,0.5047341727635384,0.5063354550004752,0.500564481660544,0.4954032378758006,0.49989965721632545,0.4944029852809476,0.5052479319371125,0.5047014532520656
0.009126731279617674,0.005961206826609573,0.015393936077942592,0.01181043727362513,0.04117584907661863,0.08181759785637048,0.16446553497604,0.7312074172217533,0.9562961646183614,4.377448795303654,0.3154571312677994,0.5259418250159091,0.3108050200972395,0.5012437000722112,0.5049930577628494,0.5066879536701664,0.7207426866367616,0.4949806568673153,0.604902486699014,0.4977748536659587,0.5053730877274595,0.5051364794350378
0.0094289363799265,0.008819310710575552,0.01484073877052171,0.03301435760451834,0.0644486355112787,0.16604892719840092,0.29512903702903637,0.6060089868481452,3.002173736768639,4.11448609689184,0.5051372668281221,0.2851818656884083,0.49403916693128513,0.5012437000722112,0.44016041845703313,0.5063373530115434,0.5005644817084353,0.5514900688448436,0.5167036775183806,0.494314415790625,0.5050468756024158,0.5046961394746875
0.02264182980608674,0.03051788493865803,0.05392735252626112,0.10594472100609525,0.2215966003824728,0.47423673636665953,0.8186218385009035,0.904773234930871,0.5528322890328705,0.5371583775371079,0.595974717289632,0.5065434734718471,0.4945440400978443,0.5012437000722112,0.505027091021375,0.5055956284074881,0.5005644817044326,0.49536683507864515,0.4998996572664215,0.4945772745015525,0.5053446430618627,0.5049828029067345
0.013820643150830147,0.013826191469240622,0.024633596205935342,0.06101601223907288,0.11083967930481131,0.2197757332329696,0.42604189552224275,0.8881034660388407,1.7144061819843555,4.933931999196891,0.413074003137166,0.5062853124946247,0.49483813304352614,0.5102706379836319,0.5049113231398146,0.5054805172283058,0.4614481215087709,0.5288180335024758,0.49989965725757174,0.4944334005477279,0.5051024967616304,0.5048751622410487
0.01158166087070479,0.007321545531559999,0.020442977083735776,0.03925744287278192,0.10498707377088788,0.27683249857951536,0.3936508273051327,0.8916584607939984,1.698822391626086,4.809435277288308,0.41731996445939556,0.5068093116291925,0.4892353395884857,0.5390905058403764,0.39874337488722117,0.4281460134051705,0.5005644816742525,0.4804330363830734,0.6126823473353809,0.49468764263596376,0.504964015670242,0.5051331672327238
0.02688984185458773,0.026900636827294162,0.054867700918952184,0.12543370634809695,0.22594918897170166,0.4496417692879309,0.9051685825076445,0.6433217081763328,2.3974879686933344,4.74974858619108,0.5055131702246661,0.5062489087381316,0.7382927593485169,0.5012437000722112,0.505715896314253,0.5088499673411055,0.464168927343935,0.49504306881899013,0.4998996572165655,0.4939223324275802,0.5057224882354826,0.5048481051715572
0.020542053263122716,0.019510066314180015,0.04082878458248928,0.04777688992922463,0.12586975823087623,0.24957975093890783,0.501605692607635,1.0274656732969767,1.982756523446712,3.9316085162306957,0.5053052036873747,0.5062777588903182,0.4946505740591181,0.5012437000722112,0.5049074882956466,0.5054768841972683,0.6286514138726145,0.4951987121480978,0.5128830503832751,0.4949939317526272,0.5052216982523215,0.5048711711764221
0.04626751803784524,0.054961925291140884,0.06946375470204648,0.17557405113981434,0.2963659902354544,0.2830698076392592,0.4929145080720855,0.2150194067839068,0.630567505074583,0.7353158049024558,0.5056103932136159,0.5065834138133801,0.6832767657226998,0.5012437000722112,0.5051715436287212,0.5057407377172127,0.5005644816766136,0.5913925788342193,0.49989965726530655,0.49440013665513527,0.5054826050925998,0.5051324896182428
0.007602390632575604,0.007646722845057932,0.015555761322587888,0.03073539808929995,0.08499776829364268,0.14329914568587493,0.2886024277537886,0.7034560957553966,1.5583409872062275,2.7878006911607365,0.5046584628709624,0.45133411291687187,0.4512376552474449,0.5010673189422336,0.5055874395074649,0.4199610721737409,0.5005644816610271,0.49502273833373694,0.49854640033509645,0.49782230915535786,0.5050518001167813,0.5046956126782816
0.014297716950791668,0.01576158683054439,0.026783129488661964,0.06634028353063283,0.12051157526838284,0.2002175635338462,0.42604189552224275,0.8881034660388407,1.7144061819843555,4.933931999196891,0.413074003137166,0.5062853124946247,0.49483813304352614,0.5102706379836319,0.5489700015739875,0.5054805172283058,0.4614481215087709,0.5288180335024758,0.47565030297438815,0.4944334005477279,0.5051024967616304,0.5048751622410487
0.008659558252804933,0.008663034646648651,0.01774340509734171,0.034986910830206365,0.06836702919548965,0.1356321500588295,0.23127630598190246,1.1245221229727997,1.585867614106138,3.1020949610139823,0.5089922864502946,0.5068387372798534,0.31004585315111727,0.5423247363516115,0.5050862374068731,0.5060897283136988,0.5005644816747313,0.4939997116590466,0.4998996572319197,0.4977748536659587,0.5049755597507312,0.505450453068368
0.024032422370866363,0.022438684628313894,0.047321563174433035,0.0935811320055914,0.18268343548015675,0.3626921109244124,0.7214065840635949,1.4882590409548955,1.288988318463896,4.145353479043923,0.505136224876375,0.6953756875690066,0.49420491184732934,0.5039001197414671,0.5050256794831576,0.5063373530115434,0.5005644817086531,0.4954662972400799,0.5171476197304766,0.49427382013093896,0.5050497468330024,0.5047122717639139
0.029261695840589932,0.02927344299288584,0.040443341669040817,0.09875524637117916,0.19324415013857962,0.38297283724178577,0.7770057551299274,0.7288960365442873,2.2224240087221356,4.402258708485146,0.5056161160385666,0.5063777176967327,0.6802880736148734,0.4990151106958277,0.5051715436287212,0.5057414715756093,0.5005644816766136,0.5913925788342193,0.49989965726117663,0.49437715123970494,0.5054826050925998,0.5049247636558116
0.025004486234996157,0.029703229452969774,0.055397928736658636,0.11332880594790556,0.16621556954684405,0.3530209798506929,0.743829599270246,0.7547281982276949,0.5580635591410701,0.5373935893953408,0.6022038962038025,0.506302366247555,0.49463050036169925,0.3976347340359631,0.5053970879883705,0.505708068006144,0.5005644816813308,0.49515095393906394,0.4998996572459665,0.4944069805137026,0.505221337247205,0.5048947801740431
0.02051147998773332,0.024620481774525794,0.045660188148648105,0.09342919171186048,0.12429651515598392,0.48379078005512577,0.4501150410415416,0.5925193773753857,0.4448539123933435,0.6892373747702689,0.5052674667144866,0.5062512842385214,0.48638050916758974,0.5012437000722112,0.4005856048906437,0.5060857067966753,0.5005644816879766,0.49526498887568216,0.49730132278492445,0.49445973509898766,0.5050418730724522,0.5051318543356799
0.02550847251421867,0.01929498392445909,0.04576794112064592,0.09036712459947376,0.1372626480871851,0.4767187365260194,0.7910166413592471,1.6218532425476528,3.1209957012726663,2.323800629980137,0.7314328228308528,0.5068570888930122,0.4944016446275923,0.5012305868785716,0.4002933723702162,0.5686293423085922,0.5005644816742525,0.4946755559262711,0.569341620978104,0.49430814537817264,0.5049771885916615,0.5051147410079698
0.011554638954243433,0.01660687531888431,0.02895028786793368,0.05698299330115989,0.10963219854785322,0.21939274532620626,0.44092077680879604,0.9070129450698192,1.7432108015188523,3.4728453110950963,0.5043826167531491,0.5067684044145737,0.493586894684479,0.5012437000722112,0.5048906066231171,0.5099733090200239,0.5005644816637003,0.4930944781530643,0.4102989222163061,0.6044704669705195,0.6013893912784016,0.5058109376427923
0.008002890715986415,0.008004777174767375,0.016324305898556546,0.032159674267528436,0.16508107612007855,0.22508452515996125,0.45240103243579766,0.9276694553517665,1.787775127211991,4.990843510865391,0.4205685811922956,0.5064806863749786,0.4943830430090423,0.5012437000722112,0.5049358049646213,0.28092034142147954,0.5013358281806509,0.49510333006784385,0.49994107640182706,0.494400552739807,0.5052461905437897,0.5049037818890212
0.010832340633233068,0.010118507194504621,0.017038680925919713,0.03790384790780455,0.07399360325434085,0.14690166849232467,0.29531584759924556,0.6059853739936647,3.0030533797947925,4.115691649707458,0.5051372668281221,0.2851818656884083,0.49420707981352036,0.5012437000722112,0.5050293558050322,0.5063373530115434,0.5005644817085623,0.5514900688448436,0.5170359081550717,0.494314415790625,0.5050493605953038,0.5046961394746875
0.013812878260209778,0.017131729351815124,0.03198816030574913,0.06279045986522537,0.12306338238311122,0.2440931152381173,0.4904019299721382,1.0182678082901893,1.4823244756416556,5.09657765545797,0.406024543210904,0.5745183374987446,0.4912602327474502,0.5012599621982886,0.5047612984325375,0.5053456361620753,0.5005659576796513,0.49170898779561306,0.44637432257638876,0.49445970030767245,0.5054397391765716,0.5047226477494282
0.0224978002482418,0.022628992830837642,0.04596448618676892,0.09088583377979877,0.17742318422462078,0.3526582806192906,0.7085250180478597,1.450270910621758,1.1745599708609216,3.97072269894034,0.5046588385924846,0.7096564573502047,0.4948295333991131,0.5012437000722112,0.5047341727635384,0.5063354550004752,0.5005644816609385,0.49540190282516133,0.49854640033509645,0.49460613583445057,0.5050584416147971,0.5046995735449986
0.021675480674679483,0.02058655286002497,0.043298852738851895,0.03345622933615314,0.1164390906966139,0.23088805818538763,0.46403005128428293,0.9508029614588857,1.834524714806261,4.230327051838492,0.46761746924435565,0.5062777588903182,0.4945702497233755,0.5012437000722112,0.5048978281376686,0.5054745316624647,0.7188956465230976,0.49394104450465537,0.5128830503832751,0.4949939317526272,0.5052216982523215,0.5048695716152528
0.012813888232607852,0.009917959409920192,0.02322105804029119,0.04584926439064753,0.08962290936568303,0.14252216547361804,0.32233967074542136,0.8584243861300542,2.69729462470012,4.242974401710141,0.49757438894884215,0.3580935696218158,0.42950891303210303,0.5012437000722112,0.5600451378680616,0.5060059521939321,0.5005644817115367,0.4946770460921468,0.5636976120073449,0.4946825553120793,0.50532801735006,0.5049516341337673
