obj_0,obj_1,obj_2,obj_3,obj_4,obj_5,obj_6,obj_7,obj_8,obj_9,var_0,var_1,var_2,var_3,var_4,var_5,var_6,var_7,var_8,var_9,var_10,var_11
3.453079926941291e-07,1.258864465830192e-71,4.104200946950747e-121,2.1500509179455575e-24,5.448491272343475e-47,2.527392128112607e-64,5.476346543409784e-05,6.755922364971067e-114,3.262055286726684e-05,1.0484722602765456e-29,0.5449782507060364,0.9967751031168438,0.08056957226039174,0.9978,0.25751466068101436,0.3747,0.6678999937475586,0.06775217575339773,0.5141329036104675,0.5542609366509802,0.3013425626499057,0.27194373078685885
0.009225085310606184,0.028099498372834944,2.285599663967569e-160,0.5542549074144357,1.0476396598213045e-94,0.4844315008600159,0.00016251336687232585,7.741862952745518e-29,1.073822123443345e-90,1.8137559986604047e-09,0.815701874619597,0.1259466036319241,0.5226954325000494,0.9136504048426983,0.9887382565018143,0.11446847663986125,0.9996597835754316,0.026030828674609208,0.9971826624460741,0.49683482911941074,0.4968123241407599,0.4310262742669052
0.43757822508424704,9.82177622431704e-96,0.6086453990664491,0.3726477649467362,6.462716384860727e-39,2.9433337980770566e-24,8.367061753969619e-64,1.3560823588929737e-18,0.461760398611373,0.488198329598744,0.9879215068686553,0.9892055728041798,0.6608816778427481,0.23314457775818803,0.5788467969938914,0.41349744779336844,0.990024865293508,0.9927914591149846,0.11259662850457182,0.6559799251825229,0.7490588950298538,0.7897186936364591
0.005103142632257805,0.030240139550080217,1.3665716238015142e-63,9.309432491508927e-204,2.166795985183338e-79,5.526501402690607e-18,0.031835720427797885,5.035669770233499e-31,8.069396598841979e-17,8.32877706464378e-10,0.8125333578147017,0.7039942544209303,0.5037980495614766,0.982905142508254,0.6864264866146531,0.16385054396570636,0.009490419728246047,0.2368114276626005,0.9989536646169972,0.6096881440873207,0.5107587851680226,0.778362288846119
0.0316735122205271,7.270832524089182e-26,0.2637793543745539,0.1470102008833374,0.001454042558943664,1.6048011065013332e-15,2.1783247794027042e-64,8.449040047374427e-40,1.2322681842981225e-97,0.3521712422735963,0.9875116208953365,0.10867669672673824,0.409696754582594,0.23339787450438254,0.7166023685248668,0.9357979163311916,0.9936430993658195,0.9955451004088672,0.5750124952592526,0.243867729993328,0.46670870916204854,0.4193668411829284
1.256602212869501e-07,1.606250093980392e-80,4.579714493304794e-09,6.525867625263351e-134,1.9827476764609557e-47,1.406150437902134e-21,7.866586697051166e-05,0.00023716363674381328,2.5656801789637757e-07,1.058445565027316e-29,0.5444988098981467,0.9465659471026607,0.9956956395529563,0.9994699431016439,0.6960583357112866,0.3747,0.05419053300489156,0.9032114456986975,0.42317872804739165,0.5599519867692394,0.5150450127419033,0.04982746425819756
0.5362364282262891,4.943505030039604e-47,2.539813032618624e-153,2.171814498723233e-230,3.524521106393993e-44,4.2533271179566824e-69,3.9208160449875572e-75,0.9752427098215627,6.579216009261812e-10,3.87371327601224e-08,0.838095820116961,0.8051244446118706,0.9955121908402472,0.18014464031645988,0.20675238029821913,0.3673902905636767,0.005062279577988549,0.029727362222981057,0.34487429835171907,0.5652708300591183,0.02533955123766979,0.6207659457470769
0.017375012726019462,4.753235261890331e-28,0.2580113670190824,4.345290533895877e-164,8.368254478060795e-78,1.650863390020421e-15,2.470454182336131e-137,0.29360931429601067,4.495424312361042e-67,1.1951101170761346e-28,0.5243523197998854,0.2193956065239403,0.9956887378176682,0.04374457695936157,0.7205795305715857,0.17024071353564404,0.023643245094069232,0.9975469510735685,0.5500967065369634,0.6104750344084853,0.6975496965143815,0.7047430249480564
0.0529342724458023,0.10687455305325302,2.980674968103239e-74,8.146211386937568e-224,5.194999699890959e-08,1.4026543533245502e-24,1.3972778532506548e-77,4.022918847760784e-43,0.07893326052366219,1.5633373413318742e-199,0.010257453931602434,0.9863658865158768,0.3795894747066292,0.1722831474004805,0.5817921174256648,0.8448633168765571,0.005946069339339777,0.18458647179207668,0.9945404577412984,0.5620395776517835,0.649454641653354,0.5763585148100172
1.5360558916939123e-07,8.58221374716069e-111,4.743280387403746e-50,4.665109258390571e-07,9.554816722200952e-43,0.00011730997013193007,1.428844612790808e-94,1.0938032853378205e-13,3.635744807729475e-58,8.30454261099868e-143,0.04025486208454311,0.2934537686535318,0.8014171521037177,0.12522077575035853,0.999170879057312,0.4127626107201011,0.9969331762803733,0.3508082065551453,0.21034374334256062,0.21855960108200437,0.80156484839305,0.7675327926343217
0.02143539027559404,9.108681418246872e-93,0.3928757254807813,3.344861285756715e-64,4.983179936321376e-63,2.2412856034463075e-24,0.40272825460470274,0.2726104772569245,2.2407338050279742e-82,0.33837714261521595,0.9861175917491167,0.15276483347858383,0.9874421588918922,0.9937673732410423,0.5814800673430662,0.23812143346684422,0.23399768598585746,0.9991821956784992,0.1236998221407276,0.6537183615706054,0.6876452032294434,0.9794088506162862
0.4269626238155769,0.16323089749215877,0.6354665965589825,0.4455055083669971,4.396368614685199e-43,2.4681313732887546e-59,6.459245126511614e-287,2.8397737599594275e-42,4.962525828207616e-84,0.37877080155647597,0.9862408064963676,0.14643913050242735,0.38278484634647864,0.0013681145307968962,0.2578813708558412,0.3753363890117265,0.9910602187421603,0.9927927473538141,0.9854645951185483,0.6126049751874549,0.28987789568818023,0.408530840351853
0.09846434099601342,0.11051510312720254,2.507899087515905e-133,2.581738053537836e-29,1.3301796619054527e-95,0.18448493788176368,4.7337793156919284e-05,2.0425021841597785e-28,0.00033422844248977626,2.0284059044996804e-18,0.6642420537766182,0.9309835707229709,0.5312264112406092,0.9131926446625737,0.9883453773019504,0.11219140501585284,0.52296954263651,0.04742749638453886,0.9906818525776734,0.49683482911941074,0.5693901558330343,0.6286382653377743
0.00120458945215705,4.3078341172284884e-45,0.010171690575119774,0.09393594016406019,2.1851510735070643e-09,0.28241421093885766,4.991743715404641e-38,2.8033501101324936e-32,1.0268604554715033e-77,3.526355980394838e-18,0.6678225634938117,0.17185178448044264,0.4869459725749202,0.4280630563590323,0.9964594482336762,0.824534696254539,0.9996442905652706,0.9956067454142113,0.3815949355256669,0.43495893117147477,0.5503805539894113,0.43392942137880214
0.00954527421188754,8.517760751322042e-85,0.01345574928017787,3.5680535344596014e-29,8.42250669148748e-125,9.502966865350143e-26,5.7937526657988e-141,1.0,2.744454143571757e-126,0.5018933819133676,0.9879215068686553,0.05529693471256081,0.9999012018704746,0.041056254872626666,0.582108542885643,0.05956254383746437,0.5402121693898445,0.9928781803488888,0.15049407901126943,0.5739469384626132,0.3018812852081907,0.8980040934263558
0.03761597601051785,0.14671930744253292,1.832715034474554e-159,0.11959155084096858,2.3976448466891185e-94,0.18828637799740386,5.439788730803081e-05,2.0100218774951247e-28,4.3805212741407866e-91,1.66227188325662e-09,0.815701874619597,0.1259466036319241,0.5312264112406092,0.9146096146629645,0.9887382565018143,0.11551392070324906,0.9896345340507783,0.026030828674609208,0.9971826624460741,0.49683482911941074,0.4809586922246995,0.4310262742669052
0.30532255772702827,1.7313423772434008e-91,7.911002141711557e-77,3.539876458577586e-62,1.621382241090143e-38,0.37341939881152514,3.667228770069441e-221,2.148317518664178e-20,0.00022645963680279754,0.35842226546210626,0.9869819571384466,0.9208046761828456,0.6358873074935415,0.006247811604708747,0.987898794397456,0.4169751846259475,0.24385588966686098,0.17335374767202316,0.124251469794105,0.5826844180374169,0.31829650555861777,0.6988655142479646
0.0024803149574013765,0.4792030353447599,0.11398740883808242,1.5402083089789655e-131,0.6019489440041014,2.3200072396189487e-15,0.11519103135519652,3.3799759186399497e-07,5.739434159516988e-59,4.544408453129718e-162,0.024256031036741066,0.26146566801833104,0.8601153140785456,0.9770670474376122,0.7108011398302062,0.9879604797431046,0.04929306840486612,0.9767929089690395,0.9999557245875674,0.48123488579265933,0.2872044562729149,0.8675166150520164
0.005756125968233458,0.3681066437999381,5.359755142786575e-62,5.391276238185776e-28,3.511540220550357e-116,6.741791544164988e-47,1.3328357521708163e-12,2.044661633599764e-28,2.6756006022688873e-82,0.2329047643361513,0.9846227988181158,0.15335443561245937,0.5296896881355886,0.7628132179282121,0.3451587252240856,0.0698199674748447,0.5370144112065142,0.24437444776389616,0.9998427382779104,0.3697343489519809,0.5093906324043109,0.4082787647426438
0.01654099558212586,6.136162569505519e-128,0.2906453175964473,3.6018834725737664e-62,0.001119810355741216,9.901177132977452e-09,9.668397392594933e-39,0.16454535261622721,1.693098194561964e-05,0.2575914259223298,0.9875288987466065,0.9107357650555601,0.9925096827141712,0.4239611295605564,0.8457111543257267,0.9344800656164799,0.24702847038581421,0.9969251926679027,0.05531130453857072,0.6098097451611053,0.7708692510175481,0.7038577828855439
0.16450149596551528,3.425568160949651e-30,1.835965334676507e-117,0.10851934012058101,2.782229217962907e-42,1.0903212281728585e-59,2.384641425663638e-49,2.4042243016856085e-06,9.808090309903368e-62,2.5127582093188133e-06,0.8753987297492725,0.24692610868262582,0.880921817598379,0.3284990653799422,0.2578704847295252,0.3815738673418647,0.9844756513643884,0.06812848246215647,0.5119436037993945,0.6270504938237121,0.28982286706405963,0.9904377252722187
0.04810195775410293,8.62047608010164e-94,0.08693411444848669,0.009918209524843324,1.1253573974801297e-44,0.32459057835475763,1.7430039165742179e-75,0.9090994930841396,1.3609752383749047e-08,2.1657752903861014e-08,0.8348818280139835,0.8315267937849862,0.9979138880291764,0.18014464031645988,0.9976415867457776,0.370322214498946,0.9758111203287261,0.9943577219788824,0.1203781676101108,0.5652708300591183,0.4986,0.6311668757769435
0.00633853357257192,9.8124149073133e-46,5.359803175989843e-27,8.297827447588204e-06,2.942100977743466e-73,0.48117775477612446,2.7956676451748832e-58,0.19183496797235522,0.0164072582522699,1.409127992023056e-155,0.028214482827383147,0.9640441552200456,0.9857047408357484,0.2673401924921306,0.9997968808935949,0.1940954206572861,0.9281638228863502,0.5664959819240571,0.36966626944388303,0.705892401806694,0.4917272196924248,0.7097791505444466
1.6079932873180095e-05,1.1434716359359425e-13,1.2631314738880098e-69,0.005453589817768126,7.343987711895589e-82,2.135620958313576e-37,6.7811597109824584e-15,1.894581433978724e-32,2.7220530288647373e-83,0.015003730214881543,0.9905799593777492,0.15871522692185147,0.5062691510020612,0.7612837696519332,0.45539327262821605,0.159651017350987,0.999636029899235,0.2200239386933828,0.8271687069739203,0.793697010271871,0.13307137124788704,0.6872715682391627
0.4400232422759113,2.30842609446146e-34,2.4728354889145284e-137,1.3262642981208826e-148,7.190020599519584e-83,4.9906124362400595e-42,5.546913359722995e-87,2.2285427215118644e-14,1.0,3.3096659566271914e-26,0.5527356059274235,0.9966518677071552,0.7318597428125441,0.13740005342779646,0.38637015821727305,0.1510368020828642,0.03334747894676071,0.043042661406708226,0.4626072628453019,0.02975633182413473,0.33775341561609373,0.6535093836556527
0.0057535534453484315,0.27079692874122735,9.07399319800115e-63,3.0306563386448543e-132,0.582187865251375,6.830355551803261e-80,7.357220931166624e-85,6.62167756999929e-41,0.3564340895939098,5.032640795371752e-30,0.5079296209912506,0.9915006023320028,0.3973758542860246,0.14451538091798075,0.161492376918851,0.9922896741021942,0.04884460336649121,0.2408100035509268,0.9997857570226865,0.08709435208893135,0.36077518927894114,0.6541995192401372
3.6644883062646096e-07,5.588935012262879e-33,0.001095229109696799,0.00010391368919976375,5.963575744574612e-46,1.2698278358675747e-11,0.0,0.00034782428463860234,1.0557946811979626e-08,4.047656808073426e-12,0.8111485435616057,0.9107357650555601,0.9925096827141712,0.040442767326113405,0.845421043787286,0.37491080135724136,0.9846570211782695,0.9996481863153938,0.5476072478199974,0.6098097451611053,0.7708692510175481,0.7038577828855439
0.29758007868404335,1.8463451254231015e-35,0.7898874361379228,7.215228810665228e-123,5.943761562132152e-34,2.105152213916289e-32,1.163419302581181e-38,1.324938218529002e-121,6.176326866820826e-83,1.3802459995112303e-22,0.6027783351990048,0.15052091084314656,0.06171555011641677,0.4160455878531066,0.47982980931282626,0.46286575298776045,0.060035600440252676,0.9955621557937743,0.4518949120454871,0.5526178746621115,0.6900972189286052,0.39887435520772957
1.0637417789846707e-06,1.4380806092750367e-47,1.223345121759238e-25,0.0008214663996006953,3.937020055708651e-74,0.00025580424211297224,7.048154740643174e-70,0.000673195278259453,5.391071540325588e-13,1.4942613892613345e-157,0.028214482827383147,0.8151,0.9900018456968468,0.21777729128139614,0.9904743349881723,0.1940954206572861,0.9997213021499631,0.6166382359925249,0.3881866286571695,0.10561668652364295,0.49659428670951844,0.5119899857357472
3.106271442462671e-06,1.0421987099267034e-40,7.883684641390076e-27,1.3766929690020716e-146,0.00036111537498402757,1.4498122549357622e-50,0.00010654761608180545,1.2552453295117374e-40,8.690480690526308e-19,2.9517311180974575e-161,0.026319835475328235,0.7263,0.4308,0.9912553638247006,0.34635670328926704,0.9851770451978097,0.03779141033478678,0.5844127946946045,0.4457342934097476,0.6169126587140402,0.6698280498711007,0.43107329449365267
0.022361933994533238,2.9375777435088426e-94,1.0702315610303337e-09,0.39247778573140985,0.698104700495129,4.561697877154727e-51,1.5081796020999566e-56,8.094699469367977e-43,5.940272689971485e-83,0.3296933399790034,0.9868207396080502,0.1506568658716937,0.3791542996396142,0.2759493773129689,0.31261296445463765,0.9936291577415048,0.9995594783987138,0.8367358587905444,0.11975541534621101,0.4614232998712515,0.5334317808852106,0.575149097560657
0.004216479372026135,0.002787471520105369,0.009009325669937071,9.373507625237416e-249,4.8623702596288286e-79,1.2775214018028574e-07,1.6479587755011652e-72,4.912301432863259e-30,0.009171915134331294,6.51149559660866e-07,0.877526473191537,0.9861782380070977,0.5218748996451699,0.19695509128870234,0.8832716385537566,0.16673224989903018,0.003389719444111511,0.9735474951328678,0.9925010696375304,0.6624806836677438,0.2830671309124211,0.8812261860597836
0.0,4.264658915259007e-42,4.636481189997226e-162,1.8377781158260388e-228,3.6955018056686504e-83,2.1995768810517345e-52,3.9003262825296803e-75,1.5443299718649904e-09,1.3906239048188862e-06,2.73676449837265e-09,0.8732439050980908,0.9647115965774301,0.8835746897308916,0.19655407686929655,0.3389923741490148,0.15963249220344441,0.0058,0.14699584158231468,0.9999599966848409,0.6708783508884308,0.7682327655265289,0.8812261860597836
7.378017404394178e-05,9.079086669595094e-41,0.002358838095762984,1.9183555480525072e-20,5.707941671192678e-51,1.189346365566466e-49,0.0009739384653148144,3.3541654057954816e-32,4.599718732235037e-76,1.0342483732652854e-168,0.02171034225395041,0.18917889263085014,0.5130852478144388,0.9912896479396136,0.34635670328926704,0.3277392332645034,0.6713936332132272,0.9927596080606419,0.4365025040924958,0.6165997030607479,0.6668192378590182,0.43107329449365267
0.36503669532818506,2.8588000445749935e-128,1.6210329902668513e-164,0.3234241563495447,1.5776315389954764e-38,0.547257894973084,9.843854077319312e-196,2.1293647167207772e-41,7.123389716010794e-85,0.008186802872908846,0.9506392906356795,0.14399356769288388,0.3913648694865835,0.011182577068572855,0.989922449259555,0.41741677283278555,0.9910602187421603,0.023028372756063342,0.053216809504060436,0.6126049751874549,0.48945887744665645,0.4210776729299204
3.0731899144328577e-07,1.8485027599294127e-35,5.057095020904819e-66,2.577918060749647e-31,2.9584577040377066e-89,6.952893053902594e-18,0.0003896451093753241,0.0002130964606816901,1.1569783761495113e-19,8.132267783098282e-30,0.5376859492877117,0.7049991766739063,0.9849489580751215,0.9998578717372886,0.7563957575294151,0.1428659483887715,0.5513155522265529,0.2451524716012742,0.5189236265143056,0.11363858617442096,0.513770423854477,0.6934022758551639
0.2975871739803612,3.905559999750295e-89,0.0002891853034034648,0.40761375810730377,1.7362217796337033e-36,2.124188180488025e-79,7.528728736573644e-89,1.6570102740065486e-32,0.4465499533433689,8.866592649198534e-22,0.6138286870017717,0.9915971462158146,0.48112111602820673,0.13126208319212768,0.16293516984336687,0.43752110278991546,0.9939409031301629,0.9239837151033752,0.1313079594355386,0.6638289565591295,0.6875169558116108,0.6834592904393557
0.05435236958819899,4.820277875070885e-49,1.8048915099459223e-24,1.065438343246624e-143,4.763768745866457e-71,1.5468918363851044e-89,0.1216793766676935,3.096226044280648e-06,0.14366689527977153,6.166570889999424e-10,0.8067831608733164,0.9923715316699333,0.8889141004077135,0.9924946223219004,0.13097557972794094,0.1987959393300115,0.03779141033478678,0.5834701428005924,0.3353875514823975,0.6169126587140402,0.7700030613653535,0.43107329449365267
0.08370616075188832,8.240738714863128e-92,1.52072191256189e-126,7.268869054668517e-27,0.25841099786125293,1.5157429376787565e-51,0.2901942361522921,3.043582649176714e-20,0.303913059798677,0.3390093999856616,0.9879215068686553,0.9922506939970466,0.6411832417455954,0.9946143495762553,0.312550784021465,0.9916818713832435,0.5568832982682844,0.05585542256419618,0.1247434988769923,0.5823679536685269,0.2969601787501885,0.6988655142479646
0.015689718270142563,0.2932802192965923,1.627871333063524e-145,1.7400723256468873e-163,0.0008540782516515017,0.14063364845407916,5.05168365706126e-152,3.314742921976823e-29,0.00198965309510374,1.1785614768472056e-30,0.4994454946666155,0.9445155960349845,0.5198790854085485,0.030857767340542408,0.9820301829862236,0.9250475100325242,0.02370781482643738,0.03566825627644271,0.9994463247011623,0.0879882228765832,0.008032147750618224,0.34381887423141244
0.004251587732426972,1.7269130435094234e-96,0.010534676573164639,0.005089453887330726,1.2426051825508386e-127,1.0299523471976355e-25,0.01123626270021743,3.5753743950791544e-20,0.2377496271509412,0.8076868662914067,0.9969955962887821,0.9995185591078553,0.6616259982949831,0.9911698505274611,0.582108542885643,0.05554088606876606,0.9887036602034202,0.9936224848679365,0.11539128966736362,0.6555098259714144,0.777218151372834,0.09094513580282998
0.30790674810793467,3.0148262520675827e-28,0.6165310013816742,5.05918997909934e-142,0.14976699457013506,2.109619850370824e-15,5.426757932599823e-65,1.9795421786614125e-29,0.02402865174992425,0.35007181447844055,0.9874027292897831,0.9640273066516529,0.5160991595755742,0.22720810448496664,0.7107081372372939,0.9774217867723147,0.038682800137692486,0.9941437497533551,0.5333579735864704,0.4841028363055132,0.4217489821075927,0.4186803284347633
0.000337732692608818,0.0001340111561754628,7.115421472495066e-27,5.3595806044805974e-76,1.095204877759327e-93,2.207743238441932e-94,5.298042731751964e-75,1.7294379559781254e-31,2.6612682843265697e-10,2.12332827363504e-11,0.8070820068463513,0.8492922051764462,0.5164338995678232,0.1905610056848211,0.12210526421873785,0.12131574168476483,0.18494713353826514,0.5704706531907062,0.9884868928716778,0.5718236727516801,0.27442289882856125,0.43215745469695027
7.1594698586215955e-06,1.0569471289098956e-41,0.0017641317717408125,2.746938740660951e-125,7.704594534784733e-36,6.442654497823387e-37,4.530131702532035e-21,1.1662489480946228e-126,0.0005437329828742911,4.288605622742241e-28,0.552389831500978,0.9969819178025433,0.0587539993784186,0.6702798074861979,0.46809524902912,0.4674860995159989,0.060474572678098026,0.9988130445623353,0.4363597834579186,0.043193977825429275,0.7334899583561287,0.6783217372686418
0.12672206871218025,1.274846604508186e-19,0.00018913010638659254,0.21001905572703852,2.1894543410326688e-36,5.1401670750652145e-80,3.447065920747082e-89,2.6025177542367515e-27,2.693054703569445e-98,0.32338861602542807,0.9869342860713793,0.10634690251281681,0.5438062829318445,0.13126208319212768,0.16161763479177402,0.4384215131850394,0.9939409031301629,0.9239837151033752,0.6545427404462139,0.6638289565591295,0.6875169558116108,0.430045895186774
3.090403318986849e-05,1.8979595922002894e-41,0.0009195046480004123,7.259759527657486e-254,0.002395107804019186,2.751531794771423e-49,2.075076834777639e-87,2.882491513103693e-06,0.0002719635700314489,0.0022010755774770296,0.979558150946094,0.9942870391004561,0.9393048535720064,0.14543846776035319,0.351867356209822,0.9871519916746464,0.003135772407932391,0.9884449232976034,0.43212662478226704,0.37094910205857134,0.32481208651027665,0.4181919700304
0.5596390523676926,3.005870013560512e-23,1.041877321731326e-80,0.3761716691690985,5.608214480710513e-38,0.6336747115262238,3.3304904089596266e-193,2.6989140616509007e-41,3.8793408285222554e-102,3.85686549983343e-10,0.8019395578595074,0.09647965512294857,0.3913648694865835,0.011832970152084024,0.989922449259555,0.4227413605703209,0.9906963817959216,0.1581615841956898,0.5960938828273493,0.6126049751874549,0.48945887744665645,0.4210776729299204
0.025283770768924744,4.980585656523977e-156,0.02167365031165168,0.5631924679191198,4.248002027740147e-80,1.9991426852092033e-35,1.6204104031101658e-12,3.332453357409532e-20,1.1575002224945756e-80,0.4351320341144931,0.987397967708082,0.15871522692185147,0.6377531138484184,0.7612837696519332,0.4479268655912075,0.159651017350987,0.9995502196931582,0.9860655178485846,0.028821042099660688,0.7963456918526293,0.13043286628972198,0.6878584730695857
0.19938067577210897,3.459023154570034e-138,0.4586782974069366,1.2427450950463489e-123,0.14841901581541472,0.6934086823866092,3.037764695550161e-38,0.0722305263268699,0.6793241357828964,4.14339184701514e-21,0.6224676445221832,0.993090202190833,0.9728203999662834,0.4206144714271326,0.9943374808550405,0.9836037459071536,0.059361389540167064,0.9955537773694003,0.042697922764689034,0.5532249134676266,0.3356357304853883,0.2332468679081745
0.11544338869534435,2.3244732925971632e-36,1.391345464083676e-62,1.5193396995304275e-133,0.23200626226586757,4.885131178633075e-47,0.1779611407177381,2.8862755733561625e-37,1.0411834369873488e-14,1.4025489505955972e-158,0.026319835475328235,0.7301902424583766,0.4328531467882391,0.9912553638247006,0.34635670328926704,0.9827744701857577,0.04746405111774804,0.24191479412500747,0.4457342934097476,0.7750795036937386,0.669984281953663,0.33897866372971475
0.0005639131296763003,2.1993090057581e-40,2.3363917443133943e-82,2.709319114668083e-80,5.315804472513937e-31,0.0002160624031246573,0.1395600636327157,1.0501460034119973e-41,1.8457495010889917e-62,0.23465731111683905,0.9875934068958838,0.24558670375619898,0.3933846341538776,0.999927477764455,0.9754195937680386,0.5199235510319714,0.16986954094190998,0.16043828650646202,0.42956737501268816,0.6214168755771714,0.47671336156779487,0.4283523060488107
4.0480897079876644e-06,2.6696040407992138e-06,2.5761158304483392e-65,3.85981867619025e-05,4.5241497171074045e-83,3.6846781540580013e-51,1.909739357568927e-49,3.6212381217040525e-49,1.6585944263248262e-05,4.273326658255148e-09,0.8740183290227761,0.9854845417503533,0.35383578700305574,0.353453123372409,0.34080039784244387,0.1597086115416123,0.9784595304633024,0.24020428666485125,0.9815740652226359,0.777811307197942,0.6928297866624783,0.33904561216768025
0.10212145626533627,0.33678434135459745,1.256054957009703e-144,8.123822728904349e-23,1.3908534560790907e-95,0.338360065585674,0.26209197808693085,9.559184781608561e-29,0.0029133626116619334,0.4055093482910175,0.9881669783506433,0.9447664437393353,0.5247184410676363,0.9873543877259681,0.9880694143081549,0.11219140501585284,0.604305281892506,0.03642976955074745,0.9971826624460741,0.583822756586995,0.2818854626653694,0.6935623032174426
0.19199377593242634,2.358498964650729e-37,0.11823443846615518,7.6801219536611295e-202,1.1948613861631487e-52,0.9287075621300617,3.842486407971656e-16,0.5028170040412461,0.6172365472556705,4.7519890753458945e-157,0.02717904293252482,0.9906366745325614,0.9898723669640017,0.6990607728814716,0.9977844979011676,0.30516447057420937,0.009861334724627413,0.9864070775181607,0.43541915299269346,0.1256845401095968,0.7046099341478239,0.2830265061177148
0.002558469664324629,4.591202549250258e-32,5.071416840387488e-119,5.023408505518641e-20,1.8610070521599597e-44,1.2008192785964007e-48,0.028814606349020052,8.120990429913467e-122,0.043331483050769115,2.9190269586795662e-27,0.5449782507060364,0.9967751031168438,0.06312176102081576,0.9978,0.34740432369526786,0.3747,0.6678999937475586,0.06775217575339773,0.5140631665086242,0.5547113090949276,0.3012262653301523,0.2707717998668657
0.3265672087587625,2.797704338623036e-28,2.2876800858431027e-125,0.4251327901490199,0.4359600561188393,6.376884143182287e-15,0.003416446623929278,1.9750068440893985e-39,0.021626744171342756,8.414673330605315e-242,0.0038742562078086795,0.9620998092611476,0.40955345177216745,0.941893005836655,0.7179310972554214,0.9872551255219353,0.9936430993658195,0.05678621528320815,0.532645980050988,0.5031893550625448,0.4929084036920918,0.4193668411829284
2.687343520778779e-05,3.38132984273186e-48,3.508053881829193e-65,5.134379028737658e-32,4.717038279276979e-82,0.0002942260836318342,4.641193498379704e-19,1.6371170698389454e-54,0.00011288052057954707,3.1798845875078546e-16,0.7305202864694581,0.9872781519659551,0.3087176250123057,0.7010429961618353,0.9908786360947497,0.1615935540626952,0.5195381680026214,0.24020428666485125,0.37044927155930624,0.146541466797815,0.692717051549138,0.33904561216768025
0.008076797312018375,1.196806132508632e-05,0.016159365234014587,0.0,0.9827880603612466,2.738159987252204e-140,1.063663920053373e-66,3.0226076830722602e-83,0.4662097920893509,0.5722469333995551,0.989290906119311,0.9910889361180131,0.1494083618475827,0.21834841328969523,0.040052295905070145,0.9998412486756992,0.00041530975325513144,0.9941392185466313,0.9307181975998248,0.4417093341288796,0.009608927177375548,0.8811626701461863
0.010118320541771558,6.598586454275221e-103,2.5141817634318034e-05,2.3520854097724637e-50,0.15238238114271924,0.21128519233095214,5.87138979568247e-35,4.25152951572902e-06,1.937227234946018e-99,0.014283575448556525,0.9584411998021998,0.10450632468768184,0.8911451440068885,0.46016108347701984,0.9984544852427887,0.9946167232698213,0.3294115042196526,0.9204538458893032,0.09879323783878213,0.549816048780839,0.688752228558557,0.5264764724051642
0.0008268555462047837,0.20907328593083999,0.1717437417275143,5.986037139691991e-126,1.1631969608413494e-77,2.098090358601185e-15,1.1099204518337446e-89,4.954863344085011e-182,1.4192076746894667e-226,3.302851135775224e-14,0.7316086358999577,0.00555977422517942,0.015451244375230183,0.13004640591602692,0.7163575821884622,0.16930771771316214,0.05641939280420352,0.9857989576734171,0.9999599966848409,0.4812428374465419,0.690274275438741,0.3439870996007385
7.912159643719304e-09,1.2904931075136789e-49,1.2629483113913344e-24,1.8206128423978223e-35,2.1872027902648924e-06,4.19154303386546e-06,1.3581751635574098e-26,0.0004556384535821994,1.0567082016778223e-07,5.115460055064894e-21,0.6626040949492957,0.9338280636903661,0.9998531879015029,0.6189376309834684,0.9995247691904591,0.9937301479662252,0.5187415255337623,0.6553,0.3867310917037786,0.14224982342678544,0.669820472702358,0.6951543170697828
0.010260086054057255,0.24033704003285009,6.6471631089903486e-62,5.633421572431776e-27,3.0697130858652214e-77,3.5250471197937837e-47,0.23501952240024426,3.270918241625754e-37,1.1830049370749043e-81,0.3456157344450906,0.9872154287186097,0.1559565972115633,0.4328012164949019,0.9925015836896336,0.3451587252240856,0.17160411911825663,0.552421702378551,0.245730873271246,0.9995472140256656,0.8187377971324702,0.510485559883396,0.40805217312917974
0.5040771883414801,3.941214307133473e-33,5.541332089238087e-74,6.833710495209902e-126,7.221303485106031e-08,5.476358798340457e-15,7.084021222026814e-63,9.354576169977854e-43,0.26034360644716287,0.0,0.001930778148470258,0.9863658865158768,0.3795894747066292,0.23846114719080722,0.7172500400596062,0.8447571249752588,0.056053688478617913,0.18458647179207668,0.4742875136560088,0.5633053968385805,0.649454641653354,0.43540282439538586
0.03273160719568171,9.87830315803167e-136,0.27311993980668925,4.8956734735787545e-124,9.71779620614684e-48,0.2613504574498415,9.163446264967872e-39,3.881790283206826e-82,6.124373392504554e-41,0.22197052584114457,0.982392735672775,0.40054189259465356,0.154394818973481,0.4206144714271326,0.9943374808550405,0.33961885844210726,0.059361389540167064,0.9955537773694003,0.04580000793173172,0.5498303439343191,0.6984251139497044,0.2332468679081745
0.00026282096943502567,0.04313471609399578,0.16155705921877944,3.661406865669519e-126,7.7128558824026765e-78,7.18815765705697e-16,1.1317892419318792e-173,3.409771968144841e-25,1.5619280328191413e-71,2.5963123588815678e-14,0.7312127356642265,0.19915829421216058,0.5762614138510458,0.018917005971857304,0.7181135998565199,0.16930771771316214,0.05645367336334384,0.9857989576734171,0.9999599966848409,0.4812428374465419,0.690274275438741,0.3454718570239661
0.7830453767748013,8.283757567012748e-29,3.0662305716199174e-108,7.548189462088084e-137,9.507230404115928e-09,1.6469020161564305e-27,2.8104960046619495e-70,0.37390968614117276,3.567029317294022e-77,3.865346767405702e-27,0.5419853683516886,0.1713592748461443,0.9861532278293916,0.20069248217305902,0.5366431643748751,0.8275474549963333,0.04346223153228995,0.0836238386499571,0.5227071584152495,0.5200516746801127,0.3222998723196928,0.33825105108972836
0.010350607365760826,6.092663636552767e-110,1.3435079972426776e-22,0.0012368162762485379,1.5289055089993724e-34,0.02214457209179563,0.02710991274730956,5.688963788788763e-47,1.8713473090880166e-117,8.308823111691637e-20,0.6485292655018147,0.07002472620180505,0.3508175932796332,0.9872745594101489,0.9912407301196526,0.46376173780779845,0.957380311202543,0.6154717167237891,0.08442934351760348,0.7879406120140391,0.5381469247087418,0.6514415163555679
6.82778507650982e-08,2.104121483234744e-79,1.0928335434981757e-98,8.968759965997551e-180,0.0010262531185288972,2.0940409025141616e-52,1.730087628607773e-25,1.6044290788966396e-40,4.8076856839741054e-08,2.5161799195478188e-21,0.6626040949492957,0.9338280636903661,0.4333996197875082,0.6172074829221467,0.3392,0.9997933722385166,0.018175633822268555,0.6553,0.4369,0.7189171301836098,0.669820472702358,0.6959348118177886
8.037910995037532e-06,1.171098206740393e-40,0.000127041368304237,0.0004097916990000957,0.0004867547364748111,4.33765873809813e-19,2.1008242206256355e-68,0.0008540532070248354,8.185640249666037e-74,1.8211373383059367e-10,0.8352457269891285,0.20147891840049992,0.9954877832892505,0.22672474705150059,0.7088122043756347,0.978620583879917,0.9951095217053725,0.9787274336602629,0.4455961186575068,0.2547925181423244,0.8733012092922339,0.4200168730057245
0.03420487081542821,1.2833292576526569e-92,1.7207139464925668e-126,9.125022768242607e-64,0.3172110060828342,6.349216147385221e-25,6.618835804862777e-222,4.66960781525361e-21,0.10893790683462092,0.29788968033335794,0.9879215068686553,0.9943174680755629,0.6348241334839001,0.006247811604708747,0.582108542885643,0.9915973371534952,0.23896636422888753,0.05585542256419618,0.12368763791984366,0.5827251445575196,0.300831837272563,0.6988655142479646
0.011306939652711796,4.14052906785723e-34,0.4028285120179669,3.2374219213041486e-67,0.423228506378476,2.271544676321822e-14,0.18159274276746687,1.3534170573309136e-32,2.2037919333069715e-67,8.5453858017494e-10,0.8099143614033671,0.2165291080483276,0.4811348199305887,0.9890475633864569,0.7332052554667107,0.9890969314341693,0.2185787291051331,0.9995292531653053,0.48034034018686583,0.4335413731938391,0.5424969222780535,0.7144177219143629
0.0007415778124439732,0.06687449670820371,4.37707909119022e-146,0.10634210825198924,2.674090111189458e-80,1.1857153554782326e-13,0.08950927713349949,1.7390158530593609e-34,3.666262818518748e-10,1.130726287378156e-22,0.6027252860779605,0.8158088838483881,0.4628188112871333,0.9877953103949398,0.7516285683092172,0.15934874174142905,0.9901385433373395,0.03533554250203891,0.9999124097020752,0.11825850694867723,0.7194833369854441,0.8644108038445804
0.3227401977997298,6.25879722222842e-37,0.5144717686608273,7.032075831315232e-18,3.8151217624167825e-132,3.644788133832715e-24,0.5541823187802866,1.766496163522143e-18,5.269468008949191e-73,6.2274807888383194e-167,0.02171034225395041,0.18917889263085014,0.6631461483464525,0.9912896479396136,0.5813574885604699,0.04864987753551542,0.6749465024891573,0.9927596080606419,0.4365025040924958,0.6578785193240356,0.6668192378590182,0.43107329449365267
0.04720501927526496,1.4638730349048394e-114,0.05505379103029269,0.0007134307125459147,0.37684899847649234,0.13489193684506395,5.1082717875462785e-62,1.0341703036398799e-10,9.176380527334098e-10,1.3230005589743207e-07,0.8535789274425113,0.8239630345679221,0.8013443124196705,0.24678312710117717,0.9915686334314884,0.9903554619920835,0.945791935496978,0.9787418357394702,0.07438732588218328,0.6867515122160737,0.5332575797512557,0.5108264163661754
1.3680264423154261e-07,6.948482756951837e-74,8.092637256839419e-05,3.838008099254806e-06,1.3862925319582122e-12,5.54148470760334e-32,5.693601765633804e-66,1.3992888471823639e-13,9.716237534895817e-78,8.349811972631671e-110,0.08612059105266873,0.1871,0.8038839604713742,0.2420725024158481,0.5309,0.8101038767236478,0.9995686829917363,0.9928779826795707,0.4926240726525789,0.43044379894883433,0.1009569885383022,0.4357
0.2151961860592779,7.743454313956868e-92,1.1096890411091604e-19,4.261551289736229e-64,1.1427759449689557e-38,7.083163726619493e-17,2.3103880300881416e-221,1.3534598987824773e-20,0.4281590887207297,0.3585196733057647,0.9869928653999868,0.9943174680755629,0.6358873074935415,0.006247811604708747,0.6907830961675195,0.4169751846259475,0.23413065958173834,0.6485182111943325,0.12368763791984366,0.5826169115061418,0.32055554341348924,0.6988655142479646
0.25432882967798914,2.8242947958557938e-27,0.037282577185935174,0.006022656798554103,0.26182341276056464,1.758422039840219e-30,7.01590118376799e-12,0.8665625180235059,0.4182272573448809,5.5712007673458164e-167,0.021642716935150574,0.9873623077738423,0.9969492078561448,0.7767782341526507,0.5055488117340613,0.991558207101128,0.959384384366972,0.972855747154433,0.5476072478199974,0.4237715152494912,0.8290931785954531,0.39906420899917106
3.8718469595488305e-07,3.466542282343755e-56,9.203177812264372e-107,7.865680916327743e-30,6.41504712307209e-59,1.604382858193368e-06,9.365429522318485e-30,2.219377030547817e-37,2.837994489506116e-123,0.001159093433032871,0.9986048452553049,0.06682770211837769,0.47345257127864077,0.5685185328872081,0.9923627358517111,0.28461071652610415,0.5652529406393362,0.5358179179754633,0.7343,0.7488682597104926,0.4984668082863486,0.6951736403923184
5.473768383541978e-06,1.0923323163026157e-05,2.0701861817250827e-63,8.841106190576778e-228,1.4649992948118943e-94,0.0,1.0715558440159515e-74,1.7087066989970645e-32,2.0468242184233826e-13,2.4483955474618947e-25,0.5983383205256521,0.8171410889118962,0.5167410007590412,0.19655407686929655,0.11177835195796315,0.12205111971922049,0.0058,0.2507610328251161,0.9951433501496646,0.6902705157693827,0.4966550165822785,0.7882798794361164
0.4027117531878918,4.096068145149885e-28,4.34230237612887e-22,6.907515922216521e-97,1.2998883157310824e-38,0.41000973370487304,2.30073999879263e-66,0.46201719560948823,9.287502014500016e-79,6.382448719626973e-17,0.6866381718493548,0.16568703427700748,0.9909006959269285,0.2202657744074152,0.9885710003086294,0.41711882964187313,0.10955340395569102,0.6111051658704336,0.5335610148918635,0.2564316690215973,0.4491951255695092,0.4179627914449452
0.0024425055637899845,1.5227168025931472e-42,2.0792521677771744e-126,2.6385078226271747e-145,8.757776938703133e-123,0.004325896535525691,3.928324803301796e-49,8.899078389812948e-35,3.598342985131153e-125,9.288350280529642e-98,0.1090306307371426,0.05931338357960236,0.47038510010826007,0.33932730750197015,0.9854064073531716,0.061344104463723154,0.03692615742432628,0.05676116640167314,0.40328553045834,0.7007729666902682,0.7156336583361024,0.7863297048840383
1.273800818134162e-07,2.3214637406016757e-05,1.8167556061492234e-86,1.7528134961660353e-227,1.8271481166538558e-89,4.5034711072753635e-60,1.9715620939432814e-74,5.5997650247817365e-09,1.1858499826878877e-72,1.2909786206628e-08,0.8732439050980908,0.2074389169474467,0.8835746897308916,0.19655407686929655,0.27484654715032547,0.1363814403228159,0.0058,0.14699584158231468,0.9999599966848409,0.6708783508884308,0.770865166991016,0.8755331352221694
0.09055347856408981,0.15221944611625846,0.1707289987453795,0.00023610739775217123,1.6433066071037628e-40,6.3457799516711974e-15,2.786961115624763e-64,1.3708463753329977e-82,3.2884239253043644e-83,6.332369597844764e-17,0.6872357569947695,0.15090607589473548,0.15253980414586155,0.23339787450438254,0.7243302488631267,0.3982699695579665,0.9276587862809843,0.9857380114009039,0.9934544789773707,0.4740682212817633,0.6912635572080794,0.3463614220920429
0.3436910141174935,5.36030159310813e-42,0.6438518098475186,2.0947208088898995e-05,5.813495476660212e-98,9.485765093590421e-15,8.331381904225269e-67,0.4617974601618529,5.019854016449535e-09,1.6357809331696208e-155,0.028214482827383147,0.8246567511816378,0.9900018456968468,0.2177855604709837,0.7210468219659023,0.10609554840676824,0.8982060426219756,0.9937613558919272,0.3881866286571695,0.10457134551695119,0.49659428670951844,0.5119899857357472
0.0020435469405409353,0.4784705055848521,0.436626440133386,1.6039829482468858e-166,2.5438246027363934e-37,4.876231703361579e-15,4.994132650024729e-77,8.643457679900382e-43,0.3477164738903371,1.6556008791042894e-199,0.010257453931602434,0.9894909269833903,0.3795894747066292,0.1722831474004805,0.7169846726401142,0.4290856051397731,0.022011670005986028,0.9902966060207796,0.999966273259961,0.5633053968385805,0.649454641653354,0.5284423718763597
0.3865278100266167,6.44120205673898e-24,9.457993625238383e-20,0.00974596485445245,8.177370444247955e-80,4.7697694464953506e-77,2.040232152565151e-12,3.0318997677535655e-30,6.344274933206441e-75,0.7012692046642172,0.9941390028359771,0.18167568900356454,0.5076603649681767,0.7641239551000364,0.1722752245872958,0.1615935540626952,0.9578519586455214,0.6451710626729927,0.5879335221728488,0.7877621221733258,0.7065142714710946,0.41062576735285183
0.1720164249028736,0.5239599514707973,4.828589311196597e-133,1.4202276366489676e-22,1.3758178651623223e-95,0.4380727119802103,0.39162350555442577,1.2974809683407777e-29,1.1421262290575603e-90,1.72304827761976e-105,0.08933894686205995,0.1259466036319241,0.5131253169076115,0.9873543877259681,0.9880694143081549,0.11219140501585284,0.6056329277757012,0.04742749638453886,0.9971826624460741,0.4720418915163011,0.2818854626653694,0.6425981709153322
0.029219806135700247,4.215513138963449e-87,0.04742774381629626,0.017402374015287207,5.98225442554259e-50,1.1862559424683882e-47,1.006159851006862e-64,6.30060477102251e-31,0.7170926780561444,0.4481270890875297,0.9879215068686553,0.9995185591078553,0.5108207773107345,0.23421370858955665,0.34649602508452315,0.32853766554490105,0.9849658905348032,0.9928768921100593,0.14083224176834713,0.6162911396030694,0.7490588950298538,0.8991622398747604
0.032123514165386675,0.015121809282283813,2.540913120185462e-74,0.3800029993932241,3.7013600599577343e-07,3.1318151566599247e-24,7.85760079805994e-16,3.2251772206430534e-133,0.3706847444538505,0.4783431529083541,0.9907386966574998,0.9926923136633583,0.04749498379545353,0.707662231200049,0.582373910305135,0.8625566111554387,0.9992932193901027,0.18813832906451883,0.9854645951185483,0.6126049751874549,0.48948372266543816,0.4150089264318607
0.010180822446664614,0.023358544859045642,1.6373812524743917e-133,2.382825199451064e-23,6.349667977426734e-96,0.0324899818383331,0.04820890582528243,3.0990654048265518e-30,1.4489488398614128e-91,1.2155614056476829e-99,0.1026971477936321,0.1259466036319241,0.5131253169076115,0.9873543877259681,0.9880694143081549,0.11219140501585284,0.6056329277757012,0.04742749638453886,0.9971826624460741,0.583822756586995,0.2818854626653694,0.6277542799771503
1.141922115465184e-06,6.821856534680564e-29,7.27557422215817e-05,0.00010123205694333862,6.342565126234799e-32,0.00010218166172245324,4.30899191779467e-65,6.423124110319513e-14,1.7481855578053622e-81,1.1589926691318281e-11,0.8248959562984297,0.17152500749695154,0.7971532795336106,0.2466703948594816,0.995116601715367,0.5217692435509577,0.9958637703570641,0.9787418357394702,0.5909919949344052,0.5667339801387058,0.5332575797512557,0.5108264163661754
0.12069080686068956,3.9407349384012013e-92,5.893014442670776e-85,7.407635489315338e-28,0.2738278564502323,7.036453692891987e-48,3.5424575446179e-91,1.5331786012730286e-06,4.348077700012257e-09,0.3277924162327063,0.9872855607327932,0.8325415049221736,0.8797419403312644,0.1257837988473639,0.3395247070770193,0.9839,0.5408190724730187,0.14445693704998647,0.12336033043934441,0.6093186553025728,0.5060837711375323,0.6867704523810704
0.008047765685512817,0.1890253578610768,0.19312558267184757,4.286712090540916e-28,1.952534841211839e-80,3.017621698115032e-45,1.5898217134642572e-25,2.339733882429979e-47,1.1575490734370093e-104,0.30897555580114017,0.9863422877681931,0.09213987530309659,0.3435423951737537,0.5700782211953631,0.3605651914294546,0.15892848402799886,0.5373457113319227,0.9876927608367947,0.9995614670317927,0.7641684475389838,0.49859511943129603,0.40049068927529086
0.013894005342177017,1.710906061361049e-111,0.47828010406893723,0.07000649667960455,0.38232461718205585,0.7827839624924247,4.603936802509623e-62,8.645050909354606e-49,4.1067679851983785e-09,9.160522979526916e-10,0.8099542044271736,0.8239630345679221,0.33008327191721354,0.24277169097828577,0.9941164490778367,0.9903554619920835,0.979764383283175,0.9996848998095664,0.08091226306871063,0.6702211068931371,0.5085810659415697,0.5133277641027092
0.2040149472619644,0.30634582453908427,2.7419131401248907e-86,0.0012387103446835264,5.16879082106342e-41,4.761575899181629e-07,0.0004860928293900919,4.018976964279326e-32,1.2360836412982747e-86,0.4711258419017469,0.9901561923665538,0.13867918284098968,0.4859297783135696,0.92773710181144,0.8631446714800688,0.3936689358119556,0.9387695033227633,0.13941752715054906,0.9937828786258633,0.4740682212817633,0.6829728925283162,0.3463614220920429
3.2848589879509484e-05,3.0388234760831823e-37,0.0009051162049276026,0.012449816098793833,2.696271135143519e-10,1.961265121842546e-30,0.026136720806850526,3.478774091974254e-33,8.127180712323097e-79,6.087917680855612e-19,0.6678225634938117,0.17185178448044264,0.4869459725749202,0.9978601039430841,0.5308883569679228,0.824534696254539,0.9996442905652706,0.9956067454142113,0.4767769944930541,0.43495893117147477,0.5503805539894113,0.43392942137880214
1.3053596360139738e-05,0.001784015123327269,1.164895213519096e-146,5.218196313217332e-172,6.269916844083972e-05,0.0028957117418615453,1.4764952384772401e-71,1.2705570881155854e-07,0.00011424919543879778,1.1464732806698352e-31,0.4994454946666155,0.9521321750621351,0.8818536650423273,0.20313601322393363,0.9820301829862236,0.9258823861168092,0.019984896382605408,0.03566825627644271,0.9999599966848409,0.0879882228765832,0.008032147750618224,0.8668423620185383
5.337703307607812e-05,1.0979161529983149e-39,4.7635953087182874e-138,2.3680545836552928e-66,0.006831726570276442,0.001407736007086164,0.0019501093395469218,1.230618667370499e-22,0.001987789619579965,3.507803451231034e-11,0.8099432561996256,0.9942939530855848,0.6348952265740397,0.9933616610146078,0.995694732416291,0.9959432884659611,0.23599180377835138,0.04501441288956337,0.4489431270559465,0.5731665696537912,0.34594548685505644,0.4341242415829903
1.4952028285239411e-06,2.0518161194277043e-42,3.627529058468397e-29,7.972239714030973e-146,0.0001183795628326164,0.0001536180625689479,0.00017273618438981586,5.292013276030301e-41,1.4497055310178337e-18,4.5094364119053705e-194,0.012300314834244652,0.7263,0.4251081769188232,0.9912553638247006,0.9984460485381934,0.9851770451978097,0.03880135921459307,0.5620562924629511,0.434520643124916,0.42232382130863977,0.6698280498711007,0.4248150466854929
7.818941488517714e-06,0.0012626746255472005,1.4711883297536103e-86,9.5088996322289e-26,3.846874409796858e-46,1.0234156315161603e-47,0.0003936097697903704,0.5338416652304585,0.9956734343652858,1.1015380870744627e-20,0.627652367281821,0.9964873330579469,0.9999820506618109,0.9814277813343881,0.3593925524702446,0.37308954220453305,0.5985005092681592,0.1469231945294967,0.9999602753085337,0.15992948479658242,0.3359011831549491,0.8666514214267176
5.3394873743671045e-06,4.452992726950714e-37,9.613462816726812e-69,2.6383909551287187e-05,0.016120947092857357,5.773396686686517e-50,8.611964482093484e-74,9.037366663174124e-45,2.2265394264030875e-05,0.007341706807438034,0.9881536292396935,0.9606849029148165,0.38328237368164764,0.19687325304874378,0.3423659584237092,0.9997933722385166,0.9806380738853093,0.22671814004479096,0.48789313645801935,0.7118208017025052,0.7655615371205093,0.6480119394470876
0.15578967193720705,0.5453505924617038,2.875429361657273e-63,0.34713015144931336,2.996691166041641e-94,2.883118753617075e-47,9.552538189151621e-46,7.131445347158579e-46,0.2577016153192132,2.2983304568440684e-06,0.8752355984418589,0.9854845417503533,0.3529811402792618,0.353453123372409,0.34080039784244387,0.1154856260196454,0.9897060693555249,0.23641844901343292,0.9975636035387178,0.777811307197942,0.4133936238473846,0.33904561216768025
0.0018240823634800138,4.366518689495307e-204,8.944521831599864e-202,0.0029051831092203454,0.5376331360002121,0.7845132576717153,8.396229564865839e-40,4.551373704737074e-117,2.7237158721250674e-80,0.3546439621933569,0.9872253959354123,0.16013533331551516,0.0685804117613329,0.4056676873203158,0.995342992099438,0.9999299199878493,0.9947617960340565,0.01029659958600565,0.009792673392589324,0.47667389913762387,0.3017244412864773,0.4388089218600429
0.26779977945744177,4.0313903707443735e-255,0.08044487843351504,1.3940082067818936e-123,2.365855252336358e-47,0.0032701053668561177,2.1485353313246007e-38,1.240124115150514e-28,1.3619031704638287e-64,0.21054243553306942,0.982392735672775,0.23022682996819682,0.5263108189294572,0.4206144714271326,0.942473343290561,0.3401393894875228,0.059361389540167064,0.9754931180769215,0.0028698703699985284,0.7178576731121622,0.6909012770043076,0.2332468679081745
0.09198578713680383,1.598818572765586e-27,0.1456637003412658,0.07594916309415416,3.1764288145628436e-43,4.5117903979564864e-08,1.565298405371864e-142,0.0014220638795950395,7.113836677722464e-06,5.1536333229028474e-30,0.5079858722024,0.8976409214799711,0.942054177352033,0.03854906988316388,0.8494147109789174,0.37491080135724136,0.9846570211782695,0.9832807970212223,0.5476072478199974,0.5921412688907092,0.7708692510175481,0.7038577828855439
1.895866314751359e-07,4.740724842679636e-72,7.720331319989168e-28,1.0679571308544835e-14,1.3399649301450923e-17,3.429749377515299e-93,7.600722015745645e-05,4.635182049404687e-63,3.6786991125215035e-27,1.37025455443092e-20,0.6749,0.6017,0.2583,0.9994,0.136,0.74,0.8047,0.5676,0.2187,0.8219,0.4747,0.1108
0.14183560921965035,2.5556929125878665e-27,0.03677598716077557,0.005103120691373534,0.1895766437794071,2.847382772361704e-08,1.0733034903542423e-127,0.33185108280449366,0.1785575512298057,7.011578312194117e-197,0.010897148358897824,0.9873623077738423,0.9925096827141712,0.05422775720387629,0.845421043787286,0.9828151915573604,0.959384384366972,0.972855747154433,0.5476072478199974,0.41787843478818476,0.8193800531523456,0.39906420899917106
0.0038949863966309226,3.1705926169008854e-31,0.42594614931129726,6.648853705146315e-244,2.1179366161829404e-94,2.5728808390483336e-16,5.554664529168103e-33,4.711228395450034e-30,0.00021983317932603705,0.2550508203062282,0.987515125774521,0.9344640616545725,0.5139664731352191,0.4826541464497993,0.7080865655203186,0.1153598523253308,0.0037508192908612126,0.9995380350279153,0.520267736204403,0.7270726491284757,0.6698130525481995,0.6921572988908522
3.4880420008016974e-06,9.483210332357579e-34,3.5766156044025386e-113,9.009226480484799e-51,0.0006967354928004854,3.991210802697834e-85,5.842146242519215e-49,0.00021324144476211418,9.78980473019173e-171,1.8310386722457598e-24,0.6128317053750838,0.021916196964305495,0.990820918857195,0.35752282337377167,0.1559420030778631,0.9898113670978814,0.3428058153751201,0.07994360392012156,0.5225919001375509,0.03586678247586933,0.6938,0.3386909279839954
0.01994361526014273,0.003697861952865537,3.6624982928199735e-26,1.055744451251729e-28,2.9895978557103025e-72,0.04455573623793924,6.032063701756767e-36,1.0198229182059007e-06,0.047092704249269667,6.484218438666893e-156,0.028105707645675437,0.9903596239853083,0.8830185572397611,0.4535293478492439,0.9929587379766555,0.1940954206572861,0.5363844652028047,0.5634554866653472,0.9798852051645357,0.10561668652364295,0.7617343269056722,0.10449446002344512
3.919069444687961e-06,4.239538913011415e-41,5.362516513037008e-16,0.0002940584839524242,1.0881732498914358e-11,8.508491910698458e-32,0.00019211138835112564,9.611820764476849e-33,3.0206079996093373e-81,1.8653779379354854e-20,0.669400602754821,0.1713592748461443,0.5136824541961846,0.9914300191574713,0.5308883569679228,0.824534696254539,0.9958637703570641,0.7538632339812119,0.44358554660873684,0.43495893117147477,0.13175113832475988,0.48662048995312923
0.059744231051501624,1.4217683018479042e-25,0.24263214139338693,0.17557357083916647,0.0014433631039835332,2.0984774483925517e-15,2.9186890996452587e-64,1.1199581504367476e-39,0.25366096657245474,8.172153812994194e-22,0.6139870434373491,0.9917095133851646,0.409696754582594,0.23339787450438254,0.7166023685248668,0.934894227160484,0.9936430993658195,0.9955451004088672,0.5750124952592526,0.243867729993328,0.46670870916204854,0.41928555587020583
0.15702684117197227,0.30094934693761,4.757086317107669e-124,1.1677764060651665e-121,1.6474480787878212e-37,2.057190217851011e-140,7.766714371205453e-71,1.6425674251524384e-29,0.36365850802585903,0.37691007454146847,0.986453161537947,0.991121042139905,0.5162191415619254,0.199451076765017,0.040052295905070145,0.42702799906867017,0.06210208624506022,0.05851959644772564,0.9942805957786347,0.4417093341288796,0.0048863726964050724,0.8759661350004619
0.01817392120511495,0.1884086073045463,0.044772864584250886,0.24264377849169053,1.1744506772493964e-80,3.42402099994959e-06,1.2491014555419385e-126,0.14887548099438458,2.9983068180876947e-16,5.071118744275858e-17,0.6855744620082751,0.7026436928768227,0.9831559959799233,0.0553932125305307,0.8839956291798358,0.15809299413580946,0.9950798486865052,0.9766218163989845,0.9989536646169972,0.6096881440873207,0.5108535977593647,0.7628236010270468
0.06364717032284552,0.10318750770538412,1.7056299046210068e-147,3.4614250094085658e-28,1.1291421098785533e-80,6.876511349765452e-76,0.12639025121606176,3.996390435527762e-09,2.5159982465654855e-78,2.024843527812882e-06,0.8742972135241304,0.16922066131468116,0.828758578239972,0.9888765774927062,0.17840773113637992,0.15845273765195078,0.5373467472689212,0.03415995052048555,0.9932772121789205,0.5009452979255681,0.7665904337603078,0.7964823924662687
0.12956079984182997,0.24185356235546718,0.0,1.4806013144522009e-167,1.7635126861281875e-55,2.5251820040682324e-50,3.8664861876500154e-49,0.35172007177727665,4.9924387695385385e-232,2.240281169253286e-22,0.6052769160123791,0.00488078796236114,0.9909126215171409,0.33003244728958686,0.3201257285910926,0.2824040770335229,0.021638035882469042,0.00045989081584006664,0.9939061184059955,0.6684861297842672,0.7327666674533563,0.8812396095430973
0.4059132442999678,6.139739702647392e-37,0.0005171381174440312,1.730128043042002e-29,3.505600409159203e-52,0.08626781576076734,1.229431680852708e-83,0.36035927114408073,0.416311277624203,3.653198631409401e-165,0.022600767047962877,0.9905929917870177,0.9898723669640017,0.14815788409714908,0.9740164131983491,0.30516447057420937,0.5171053716868148,0.9264893465329467,0.43541915299269346,0.6710822994523111,0.7028471251597336,0.2905741905073765
0.03215362467006255,1.4446575607446505e-118,0.961086479163911,0.12901927736914737,0.5873255307072286,1.5135448428039142e-71,3.219079307893323e-84,1.0837381396597169e-48,6.146357418635637e-09,1.2101479960608915e-09,0.8111702235644707,0.824970966662719,0.33008327191721354,0.14552926215474157,0.1946025886890459,0.9903554619920835,0.979764383283175,0.9996848998095664,0.06831866841436712,0.6297966633810371,0.5085810659415697,0.46706119283082415
0.31961316185172856,0.4838284929539936,0.5214166673079446,0.0,0.7310072974947767,3.7887469791103446e-140,1.7237556631928434e-70,2.9318615922976504e-29,0.007597147208891944,7.797184679575691e-17,0.6865392162425978,0.9494760150920554,0.5162168222595045,0.199451076765017,0.040052295905070145,0.9898679378561159,0.00041530975325513144,0.9895890531099966,0.9942805957786347,0.4417093341288796,0.0021723085220264338,0.7706161535767826
5.568245421104319e-07,0.0,7.499699662022574e-23,1.6246980113728316e-05,9.233398730507888e-14,4.726155596673932e-16,1.7268447234844002e-05,0.0001535761668672041,5.294296931479547e-05,5.054124004220485e-21,0.6626861867848529,0.9969330832140763,0.9975564277766014,0.9899088987914978,0.7794545889931752,0.802853344581203,0.9889313592223836,0.6515804902763891,0.018623619914925005,0.8965347010432616,0.698653176009768,0.031408970579276274
0.013106002542640497,2.4455010896142415e-10,0.4643160162361116,4.9510477606121467e-119,0.6103343936892942,1.064320734000452e-32,1.943205063509681e-71,0.37982994972542844,1.637331109388719e-16,1.5298240525628642e-22,0.6035629144303991,0.6959828080242332,0.9907831015116806,0.1966575978784984,0.47845888249049046,0.9919269721661221,0.0660697105322417,0.9996142361931132,0.8307574990513396,0.5937580750662942,0.4601326183235972,0.39696765232981973
0.03691935911628905,3.9388184526451334e-94,4.953909732336017e-10,0.516028462674045,0.7650846619287733,5.784358872175136e-51,3.865321154764111e-56,1.123554394719323e-42,8.710979132172885e-83,2.4356163428346657e-141,0.03910078499077796,0.1506568658716937,0.3791542996396142,0.2778309595123492,0.31261296445463765,0.9936291577415048,0.9995594783987138,0.8273301663482606,0.11975541534621101,0.4614232998712515,0.5549090768259942,0.5717764636113347
0.012280298454637219,3.898823644370851e-39,9.545932566583681e-82,9.506681397574887e-207,1.0075140639913732e-83,0.0026244428780182794,0.9440361987193774,4.0999892536747337e-41,8.9097575885232e-16,0.41573803718177577,0.9875934068958838,0.7054503257395013,0.3933846341538776,0.9998926342063272,0.9766151720110801,0.15349373657431464,0.00906065642669028,0.16043828650646202,0.42956737501268816,0.6214168755771714,0.48667304221455737,0.38638203792936554
0.0005547407129037178,0.13924128064384655,3.9501220577218318e-84,3.4385987836924617e-76,4.179824694086555e-83,8.408927369832739e-15,1.1970575155516339e-65,0.1606918011381793,3.254623776424484e-10,2.0985434900143246e-19,0.648681771959193,0.8124350054085764,0.9882280198382414,0.22670095045831215,0.7284973117303949,0.1498733450880521,0.17797805198479488,0.14699584158231468,0.9999599966848409,0.6707197599613659,0.7704868241977977,0.5096611363576621
0.013522978190619456,3.202139813880203e-38,0.2789636668509787,3.542825242793708e-123,1.1411835477220555e-35,1.9282170718723224e-15,1.480217197387067e-68,1.5409846303684118e-147,0.47354224451139626,2.690623688621869e-26,0.552389831500978,0.9969819178025433,0.03432833986803535,0.21230126663633833,0.7189771164350337,0.44827713437357547,0.060474572678098026,0.9991756316650361,0.4361698411508016,0.043193977825429275,0.8748416279038476,0.6726612864938872
3.2361053829278645e-06,4.793693719114249e-82,1.2876743539172985e-104,2.1081218495311886e-93,1.385971844903246e-124,1.9142951345304782e-42,3.280542807280793e-54,1.4444858282936395e-46,6.001891484294045e-43,1.332480128100673e-99,0.10907129593115067,0.4172992529777888,0.3764,0.318,0.4258760742836195,0.06145521904013014,0.12808148371137265,0.5513632814326295,0.3965,0.3893981779679796,0.9415417855287274,0.14190917923348745
6.585837624968076e-05,0.00011166283697530824,0.000640330285733207,1.689590709810923e-80,5.653082868429673e-82,0.0009476496761660675,1.0594358088436918e-73,2.708451547026843e-31,2.8511780450113825e-67,7.330903575190149e-08,0.8799312836390044,0.23064117834147613,0.5218748996451699,0.19695509128870234,0.9913914159134091,0.15988055839495746,0.16784773181574125,0.9749957187402747,0.9967927205621356,0.48374550102488045,0.2850323498963734,0.8812261860597836
0.048098108262072926,5.184712838806391e-50,0.20225665439839993,0.35354844570523425,0.00019807509833205794,1.0,0.09230238780096657,2.658143231322517e-32,7.240978815164936e-70,1.3433435202800066e-183,0.01477794085065023,0.20286115649387382,0.4814691815527153,0.971805689909092,0.9959557909655246,0.9202132978993023,0.9972756277190913,0.9976146677734501,0.3298678655854741,0.5286801063615256,0.48997984911800185,0.42389562117147217
1.626370891500238e-07,3.738469688367657e-74,6.087740711518872e-81,0.00020458725147441873,5.635685178137126e-13,6.132687968608573e-33,2.1651583263530452e-66,3.8574134007887284e-33,7.4748040239765935e-78,7.477516003841505e-12,0.8239,0.1871,0.5135568274162807,0.2406,0.5309,0.8041252631984134,0.9995686829917363,0.9787418357394702,0.48943633885783056,0.43044379894883433,0.13294866139765993,0.4357
0.40202917619212775,6.464758096152619e-175,4.666607246982476e-21,2.4753051886150886e-58,1.3458994924342038e-34,9.140852328326377e-05,2.504370397242496e-38,0.4661131367980703,1.5194723891545227e-82,0.37026338907641404,0.987224856735529,0.15197250647096472,0.991914291461753,0.4206144714271326,0.9096575404177418,0.45752858062041496,0.2661805463009629,0.6258008290897326,0.0181624030194128,0.47903904831864114,0.4257837301671413,0.2107374141203068
0.0031017130933312692,1.0912502421662193e-34,0.02033886515891952,0.32031646525834356,0.482036538917897,2.615382315565355e-13,0.04749585976876971,1.5808300007456826e-32,4.085479033527793e-70,2.2269737582276915e-117,0.06806203459386284,0.20286115649387382,0.4814691815527153,0.971867981534883,0.7474611393827134,0.9890969314341693,0.9997204054829789,0.9976146677734501,0.48034034018686583,0.5274055377336843,0.48997984911800185,0.7144177219143629
0.6199158393131985,8.571398130571575e-42,0.4776514646939402,1.0344011146984653e-142,1.311611383422219e-74,1.1143448844099409e-79,2.2424294669184225e-61,5.187297545673383e-49,1.0557259646263417e-126,4.2296684068868946e-17,0.682557082638876,0.05483311162658987,0.32767243195260026,0.24609828688711943,0.16122872912687347,0.18113831833484384,0.03793945533993831,0.9871343233582083,0.38771941663255916,0.03633742420578746,0.6697067087628675,0.7040550841082465
0.0001876884076617159,0.026569551828681544,2.373178253054e-84,0.037973506701016436,1.6990618788634987e-93,5.992076344817306e-51,1.4046236746879804e-49,1.4692657909848957e-06,5.906915249124956e-70,1.3050569181184836e-06,0.8753987297492725,0.2074389169474467,0.8853331446880134,0.3309996030039879,0.3216069356071685,0.11848200643781714,0.9844756513643884,0.14699584158231468,0.9999599966848409,0.6271939283721587,0.32671229501069055,0.9695219484494456
0.0002569073612681127,0.06684969831738351,0.12243876841683606,0.0,0.37796457203014966,0.30149138092848965,2.120864715056374e-60,1.3831726924898275e-05,0.3177960689979732,9.441823720733515e-31,0.49932283547735884,0.993331483611807,0.8983801577943309,0.25514733085906877,0.9943013682867922,0.9945766174188997,0.0002731148773019443,0.9939821850649135,0.9999599966848409,0.554639726658396,0.29860718145308174,0.8668423620185383
0.012581170047754867,3.3568057709324776e-37,0.06554828294204382,4.952811448621398e-124,2.4453507897750716e-34,0.38769890504796006,9.12114428160305e-39,3.702642456163127e-124,7.286518909114261e-83,0.33915597904744443,0.9869615743844193,0.1521732706857814,0.05859691344223072,0.42016745194062194,0.9988296817494684,0.4674196450567967,0.060035600440252676,0.9955537773694003,0.44699075982199715,0.5526178746621115,0.6984251139497044,0.22636991210931617
0.8268871499711824,8.26196372459776e-37,1.799847084310715e-25,7.082099390350874e-142,0.3912133409719448,1.0847730748908428e-48,1.5795045767269978e-92,1.1396251380448858e-37,1.3847308346160842e-14,2.0739668033525167e-178,0.016638309546062713,0.7238085461845836,0.4251081769188232,0.12009247243022131,0.3291240478246909,0.9851770451978097,0.038689990239848863,0.5620562924629511,0.434520643124916,0.42232382130863977,0.6698280498711007,0.7581625506728283
0.42210233190170643,5.601102084742617e-29,2.113101129598775e-110,2.523340140521735e-47,0.37591501677473965,7.629851619234512e-82,2.5322828075283955e-45,0.4634603192121441,4.545631401662117e-194,7.424986807674146e-22,0.6128317053750838,0.011645058547127662,0.990820918857195,0.35752282337377167,0.1539801158350804,0.9871561779190293,0.3428058153751201,0.07994360392012156,0.5228040203537982,0.3742465563186165,0.693996229460848,0.3386909279839954
0.0006721203289839504,0.20151359113242792,2.7471959181160706e-74,2.8009459945819787e-126,6.74853749508398e-08,2.1305055335658386e-15,1.6305071921340482e-77,4.816020012384882e-43,0.10630277664132949,1.523712530328346e-199,0.010257453931602434,0.9863658865158768,0.3795894747066292,0.1722831474004805,0.7172500400596062,0.8448633168765571,0.056053688478617913,0.18458647179207668,0.999966273259961,0.5633053968385805,0.649454641653354,0.5741230784095014
0.09113504816280027,1.2150407584267662e-110,0.03560795587385043,0.2544853288685846,0.4490049718792233,0.6405237814406246,1.6712744392809325e-61,7.522908282437096e-49,3.5396750269186504e-09,1.7404458659456197e-07,0.8535789274425113,0.8239630345679221,0.33008327191721354,0.24666953167985084,0.9935803480688975,0.9903554619920835,0.9963631382384671,0.9787418357394702,0.08091226306871063,0.6732775420254667,0.5086980508383359,0.5108264163661754
0.008730432289002495,0.07389426448989045,2.7465057126652163e-63,1.5020185535160328e-29,8.188168271597282e-79,3.915755119652877e-45,3.794132822597512e-110,0.3641035650638176,0.2920873776849574,0.3524768697021988,0.9865663589439969,0.9930569768057976,0.9978775551225261,0.08218215265910596,0.36604014664556567,0.16743334602519966,0.5267240162498764,0.2408100035509268,0.9987082496165861,0.09969588923297296,0.6948494530494045,0.4210532413521138
0.013088932114487598,9.316321819272647e-129,2.653514200596488e-22,0.13970239813051902,8.834855026552652e-70,0.17329024103855406,4.691615010688346e-39,0.1821403490292358,1.2292459116335893e-09,0.0023786246793557697,0.9391821649044452,0.823633652461685,0.9900349865295731,0.41860482716014724,0.9915628468818984,0.20439134786947905,0.998566211462338,0.622121890626906,0.054273996922981904,0.7420656956111994,0.5137165408920565,0.5175883507213842
2.362083281832415e-06,5.851295611369621e-74,0.0005268259838990101,0.00034551984014397264,3.3680654514076267e-12,2.0654006639371503e-32,4.845560812464078e-66,2.7043279136818027e-13,1.085727211798596e-76,7.138870469818313e-143,0.04000696212755779,0.19046649385356446,0.8039074589391607,0.23999472151869528,0.5223775056692699,0.8133525604558075,0.9969011319582654,0.9928779826795707,0.20855665418506567,0.29199703508650615,0.1009569885383022,0.8984177236778081
0.01701744558565999,4.960349983411749e-134,6.556002519215163e-173,0.7184526671854108,0.3460161782675856,5.76226844260784e-51,2.1126741013263656e-61,2.0966094856439643e-10,9.239396225523541e-85,6.387405806482783e-09,0.824877105938568,0.14396645544160078,0.7971532795336106,0.24613519915789103,0.31261296445463765,0.9848500231662771,0.999856077824547,0.019600148782264154,0.048157088548720306,0.5673699689159356,0.5340422819430863,0.5100783661011528
3.230743428916194e-08,4.787691764051965e-43,1.0107072834078587e-05,8.38737606961852e-128,4.085467392211627e-38,0.0003607852927454452,1.5472375261220081e-18,0.0,0.00045776964094144967,8.68329741442747e-28,0.5565735075498425,0.9969819178025433,0.053700247718050154,0.711029364539251,0.9999658938093257,0.4674860995159989,0.06022208707498816,0.9988130445623353,0.4461044388583181,0.06250383264666529,0.7396596233944691,0.03158390624041987
0.059196782451742695,0.018988615990667448,0.1612419860561979,1.4758434638915074e-244,4.3414997488669213e-08,0.09595769806664751,3.18476915285614e-57,1.8823628187556706e-28,0.01589767421180431,1.051926672123946e-09,0.813307365859834,0.9734402913177448,0.5326619565255256,0.27560996191000026,0.9878662258168948,0.8425404259808351,0.0036946712650988145,0.9863928737874397,0.9807791261368985,0.5796937026778554,0.352283299478815,0.42053217140548516
0.5728742746784365,0.5260517008786971,0.18813754594841048,0.0,0.64865857542073,8.596706638990635e-06,5.119053573696497e-71,9.749521387646813e-29,2.854879527652597e-74,6.828328091386903e-07,0.8630363012815734,0.18302510671555117,0.5218748996451699,0.19695509128870234,0.8832716385537566,0.9899264714486529,0.00025985139579276506,0.977709640942692,0.9925010696375304,0.6706686448663869,0.540535654821138,0.8707237140423818
0.0010179081076953874,0.25738158718090104,9.391705837582075e-135,0.10707610231845985,4.425434913181463e-93,1.7435069368244389e-16,5.022754544485146e-49,9.235082439219384e-42,2.1407853528315082e-69,2.479340132555035e-06,0.8753987297492725,0.20702130646276368,0.38979850581628334,0.3309996030039879,0.6974265473309181,0.11848200643781714,0.9844756513643884,0.04575890899275291,0.9999599966848409,0.6271939283721587,0.32671229501069055,0.987173564088601
1.0,9.989667211650113e-88,4.05355873250418e-145,9.870642152042185e-147,0.0007585265329721534,0.3770994103629781,1.789572343522077e-151,7.35203775442555e-29,0.005878532615355006,1.1413097916002062e-30,0.4986795842745996,0.9445155960349845,0.5198790854085485,0.030857767340542408,0.9820301829862236,0.9241659084172367,0.03453145806475266,0.03568455500183589,0.1342794499122848,0.5863054152051965,0.009827647339152285,0.7110969065818182
0.01599028476006952,0.07675492852546496,0.1410583439809331,0.00018462429358153635,2.2787920698600595e-81,1.1702241379321281e-15,1.6002761678201346e-64,0.16476137477883543,4.767044401295552e-73,5.224233256357503e-17,0.6872357569947695,0.19184962018304672,0.9909006959269285,0.23339787450438254,0.7181154992649386,0.15599053669432145,0.9307973638270775,0.9857380114009039,0.9980123645897003,0.4740682212817633,0.6912635572080794,0.3463614220920429
8.04395675806033e-06,3.4948510613280436e-06,0.0008697772719961908,0.0002951033090534282,1.2350822794714195e-45,1.2832119542695792e-27,4.615057191878801e-199,1.9173395849110634e-45,6.517822623481912e-88,0.0023539926179268686,0.9880327347317309,0.14643913050242735,0.38278484634647864,0.011182577068572855,0.582108542885643,0.3753363890117265,0.9910602187421603,0.9927927473538141,0.9854645951185483,0.6126049751874549,0.48948372266543816,0.4210776729299204
0.23222211514147373,6.926013112483621e-112,1.878768039837062e-16,0.10612209191593659,0.32656238714315555,0.4259276559553789,5.718222836875165e-50,0.5527749056517166,4.129750300083158e-09,1.748501373741343e-07,0.8535789274425113,0.8239630345679221,0.99345583952287,0.3219223665629981,0.9911752492419181,0.9903554619920835,0.985554677788846,0.6996299510191814,0.07795718680533376,0.6864679297002892,0.5086980508383359,0.5118451082001116
0.5025714562076838,1.3445376221173048e-35,3.9532121661749353e-19,1.5627364099570464e-22,7.46733380258964e-37,1.046842479365941e-16,0.3836063660368587,1.3895684255691024e-29,4.096697265922756e-85,3.7279990122545427e-97,0.10826359434018124,0.14316059265356745,0.5135834987284502,0.9873543877259681,0.6894415733863175,0.4334014454232259,0.6056329277757012,0.6527490079223666,0.4481094603174172,0.5838669965246481,0.34684230152301104,0.6277542799771503
0.6429388239616346,2.3879011821315814e-32,1.3994552554575758e-25,3.622954550524894e-162,0.3041844892273026,3.9508228258364155e-13,0.6738372535489624,2.3779416667610958e-36,1.9169461397656403e-14,7.550166454493086e-119,0.06558441350111925,0.7263,0.4383022927931657,0.9913176554499917,0.7482829817772497,0.9851770451978097,0.02430974452312773,0.5620562924629511,0.482739137592995,0.42104925268079846,0.6698280498711007,0.7153371474283836
0.1905786684524045,1.5752370639525342e-19,0.00023262433876294978,0.45325543839623217,3.5017063964434455e-35,2.152049007193033e-80,6.924870656998797e-89,3.744914323944141e-27,4.422426631185176e-98,1.797293344065962e-18,0.6625725108164151,0.10634690251281681,0.5438062829318445,0.13126208319212768,0.15915198144711282,0.44938388621120895,0.9957887162920623,0.9239837151033752,0.6545427404462139,0.6629480752933884,0.6890045962125109,0.4358763504945558
0.07824618227894742,2.9333429164370524e-37,0.18144799170942272,5.384913083022519e-29,8.497382566858883e-53,0.2884730061686948,1.1247967525946655e-60,0.3398228079480358,1.3311086798593398e-151,5.991009322384299e-08,0.8449637117342784,0.031136370823679427,0.9921630162613874,0.2535710809224718,0.9939004662266557,0.3022872421255305,0.5291088584035295,0.9923997347081158,0.4381783851251885,0.5731665696537912,0.3012323701537398,0.6471740893049782
0.36075595652865544,3.8510114795753944e-194,3.527457236090582e-170,0.00041899172942798667,0.4434585994504888,0.6392602587489549,2.366104026066843e-66,8.655235255639357e-49,4.11160598415419e-09,1.740819223726907e-07,0.8535789274425113,0.8239630345679221,0.33008327191721354,0.21993886266005633,0.9915686334314884,0.9898412192691374,0.928822052959419,0.02021581152136892,0.011678685795606214,0.673914080373482,0.5086980508383359,0.5108264163661754
0.5681278533026795,3.4036583481977286e-32,0.07050154116999807,6.464373781590655e-132,0.6482456521001088,1.0844599414699126e-75,1.495812984822018e-84,1.4027528699717254e-29,0.6566950110720348,1.0109105842516985e-29,0.5099982468840033,0.9915006023320028,0.5129043376432245,0.14451538091798075,0.1770080768698022,0.9922896741021942,0.04884460336649121,0.97124542998104,0.48505282915832126,0.08709435208893135,0.36077518927894114,0.6529439527943814
0.0014879670081514374,5.41186042439619e-38,3.1830163240441243e-137,6.845050541335568e-55,0.029752651734644316,0.21593236096648935,0.08771823894310626,1.7593465678557546e-26,2.8884611584488663e-72,3.130283791187455e-16,0.6991492231617629,0.19519722405021525,0.5568172867965102,0.9871541326689729,0.9997417164921121,0.9959432884659611,0.3024845168949909,0.04501441288956337,0.4489431270559465,0.6938284233937726,0.34574739030803553,0.7799577553969531
0.03391829107075153,1.4400292759206522e-36,2.972142589506106e-136,0.00711867995087447,0.2763735530364285,6.594992382562959e-16,0.3390435882860252,5.110454563659311e-20,1.3669590425799863e-104,3.46120236215689e-16,0.6991492231617629,0.09193861611764362,0.6428251995288092,0.9975773865266497,0.7146263948807696,0.9959432884659611,0.976436642966122,0.04501441288956337,0.4489431270559465,0.5731665696537912,0.34717291568081904,0.39975364432028127
0.5532320126124919,5.365496058400694e-36,7.821569085940772e-13,6.696523257169292e-137,9.889552427315913e-09,1.5149706356280456e-27,2.5236995797983147e-70,3.3684258217147466e-94,2.624769021020096e-77,3.3130827400837346e-27,0.5419853683516886,0.1713592748461443,0.11600430003408446,0.20069248217305902,0.5366431643748751,0.8273578107788423,0.04346223153228995,0.7538632339812119,0.44358554660873684,0.5200516746801127,0.3222998723196928,0.3969969469399874
0.13234851658338787,4.237948780597904e-127,7.397335726976631e-22,0.5886709501354447,0.0001451344641032742,8.136911221433796e-08,2.0211554312232063e-38,0.48075820186040474,4.8621746930819455e-09,0.4399969156192018,0.9878777052099464,0.823633652461685,0.9900349865295731,0.4188025511322606,0.8463179783597419,0.9131457865278336,0.998566211462338,0.622121890626906,0.0553437279072052,0.7420656956111994,0.5137165408920565,0.5175883507213842
0.0025549155274759094,0.20523779799918462,0.42237763363778275,1.6234755772730012e-78,2.3511131515589838e-80,0.5104804810247076,7.702901696334996e-67,3.930362083358321e-83,1.803944900033718e-40,3.6080320381608507e-06,0.8799312836390044,0.40095624096793286,0.1499588997486879,0.21834819341216635,0.9913914159134091,0.1593600273495419,0.16784773181574125,0.9950563757493033,0.999874995530061,0.48374550102488045,0.2925561868417746,0.8812261860597836
0.002326533510835766,0.1493811429633608,5.038887376722465e-62,3.3804954799408623e-28,3.2824924483850033e-109,3.2694943460357906e-47,6.14768033820531e-13,3.807001008157938e-36,5.418315408324741e-81,0.2758625090584861,0.9846227988181158,0.15930083167603765,0.44529754750683154,0.7625227517952474,0.3451587252240856,0.08210476459578603,0.5370144112065142,0.24437444776389616,0.9998427382779104,0.8187377971324702,0.5093906324043109,0.40805217312917974
5.615922197284669e-07,3.94388934084539e-129,0.0008825237431589131,0.00013352982110743998,0.00257889013692672,9.95161855999158e-35,6.917550092154731e-43,0.0006118295136310385,2.3998906727519105e-08,8.705954930750135e-12,0.8111485435616057,0.9107357650555601,0.9925096827141712,0.407207633632481,0.49349065023415506,0.9944299467261417,0.9852055112963235,0.9996481863153938,0.059672184156078334,0.4772633395661855,0.6865390756981099,0.7038577828855439
0.2273850438645957,6.947832633319074e-92,3.832173689941422e-126,3.139751133690078e-49,0.9903604967425558,4.529855269112989e-24,1.864678788042134e-34,6.49618972689673e-06,0.015274965249745812,0.019516186237732155,0.9583233417808323,0.9594671397673304,0.8866645872815431,0.45958324832962927,0.5820594518618467,0.9946968848458472,0.3295279756422336,0.05585542256419618,0.12348555802615475,0.5828441169629686,0.300831837272563,0.6988655142479646
0.03454351032899464,5.171209342584611e-43,6.94928568480339e-136,1.3315152769349007e-22,0.4273087765765112,2.4468512550768472e-80,0.31109636245375016,0.7103593921364375,9.024969060135584e-127,2.168600194830634e-22,0.6043231268869754,0.05483311162658987,0.996070892222872,0.9944816650631406,0.1609820130944924,0.9981891336702813,0.6199415630578975,0.04548144411276611,0.38771941663255916,0.04692714708497048,0.6697067087628675,0.7050737759421827
0.010515345993551419,0.4232384740209408,3.641895451137482e-129,2.578687553806003e-143,0.9211494547764495,1.055531019733545e-79,1.1871641838634256e-84,1.256469695890795e-40,2.191308418712542e-127,5.864794572006984e-30,0.5079296209912506,0.054089013677066866,0.3982310424121679,0.14451538091798075,0.161492376918851,0.9922896741021942,0.03763658340083559,0.05192984557325864,0.9997857570226865,0.0856017401434418,0.36077518927894114,0.6541995192401372
0.036601647080952454,3.928490838940962e-10,0.8773390863112844,8.982045503620508e-119,2.464078831103143e-51,0.8209914222594484,3.7517104370778484e-60,0.2843815526208307,3.4190463070026847e-16,2.1144744765231328e-05,0.8938661121516119,0.6976351743373553,0.9831271410187754,0.25324031130719254,0.992734913095127,0.31121747270044625,0.0660697105322417,0.9996057092547307,0.8285549083296526,0.5510360000485354,0.4445431944276772,0.22446320923140634
0.006039233665224775,6.548822302320047e-39,0.022453071253046474,4.1054977319263084e-30,4.275793568034016e-53,0.0449056973355223,2.7621407199257302e-17,0.07758627013333214,0.04266434764644392,2.6071132117070626e-167,0.02164492222075115,0.9905929917870177,0.9898723669640017,0.6990607728814716,0.9977844979011676,0.30516447057420937,0.5252171531015445,0.9858313460766281,0.43541915299269346,0.1256845401095968,0.7028471251597336,0.2905741905073765
0.2105399896460583,2.2107716698560925e-36,3.7388671579846636e-13,0.29678915325430427,9.004825411752929e-09,1.0539386823912421e-27,0.42334112252017886,1.7937633749789718e-99,2.346167204274142e-77,3.439181480832982e-27,0.5419853683516886,0.1713592748461443,0.10284501384716238,0.9914300191574713,0.5366431643748751,0.8273578107788423,0.9930096010917743,0.7538632339812119,0.44358554660873684,0.5197167750684406,0.3222998723196928,0.27571274933976325
1.4068755682204923e-05,2.521403250723553e-05,3.339789561092449e-88,1.4400037377708651e-05,0.0016591121611386223,2.5109416328679024e-48,8.389497359689087e-76,0.42120638889772966,0.7435876791931326,1.832083752954059e-21,0.6173534542709009,0.9964873330579469,0.9999820506618109,0.1887314534118374,0.3547938825407996,0.9997933722385166,0.9876795642168056,0.1469231945294967,0.9951516899798049,0.15992948479658242,0.3359011831549491,0.8666514214267176
0.03269181449639143,2.2768349746668484e-30,6.247321699623249e-05,0.0728013094127285,6.982041436380315e-37,1.598883671802899e-80,9.896688175074034e-90,3.717333846764607e-33,0.26567227010497824,7.910039947832081e-22,0.6138286870017717,0.9974232814193673,0.48112111602820673,0.13126208319212768,0.16161763479177402,0.43752110278991546,0.9939409031301629,0.9239837151033752,0.5181618313407372,0.6638289565591295,0.6875169558116108,0.4299646098740515
1.3443699678585147e-06,4.1374708260065004e-05,9.381137665105792e-150,2.2949012006119484e-30,9.499818034386654e-83,1.1925970557164699e-78,3.9544565640302064e-37,9.039923420124393e-09,0.00012224536309729078,2.2511423233770193e-08,0.8742972135241304,0.9867132379614236,0.8840602719987684,0.4625410689133791,0.17840773113637992,0.15845273765195078,0.5373467472689212,0.03415995052048555,0.9997857696676024,0.5009452979255681,0.7665904337603078,0.509114411885929
0.47034786310894916,2.718175233499772e-29,0.1018672213030673,0.6426868705239557,1.3012470154093341e-80,2.7131906325484082e-86,2.258681234682464e-139,0.2846491484708393,4.0218970737772867e-16,8.384580343345301e-17,0.687485545922343,0.6987823696140993,0.9831559959799233,0.040863774976765355,0.1385512305259431,0.15809299413580946,0.9950798486865052,0.9766218163989845,0.5195563127727165,0.6096881440873207,0.7025325776072141,0.3372668256332515
2.2539697411630163e-06,8.408779105259766e-133,8.019109676500071e-140,9.577367554637872e-33,0.00031043252957536834,4.0731259983318436e-19,1.735292971582704e-94,9.98153177935946e-46,5.45468590533675e-13,0.0006313238905246043,0.9872855607327932,0.8325415049221736,0.3842073348478334,0.1257837988473639,0.7153443188007713,0.9839,0.5408190724730187,0.043220004454888356,0.12336033043934441,0.6618226088702874,0.5060837711375323,0.6910721497474197
0.017635271132477905,4.45358818598379e-33,8.430019445161363e-20,1.9462757138622265e-23,2.684207697329336e-37,1.7863993736666183e-18,0.03000239596617183,2.0880610179991163e-30,3.1385662973614286e-85,3.5297194729029234e-119,0.06566000698217817,0.14666047810940933,0.5135834987284502,0.9873543877259681,0.6826156008072602,0.4334014454232259,0.6056329277757012,0.6527490079223666,0.49260668861297946,0.5838669965246481,0.2818854626653694,0.6277542799771503
1.1971045487782705e-07,1.556921392519978e-42,1.6267353896604755e-05,6.8213372772705314e-34,2.7647768210143317e-59,1.167941464163593e-05,5.668102427467446e-39,0.00024424551577234994,2.1352628585730022e-14,0.0009160489213163965,0.9898,0.8051244446118706,0.9992338227102522,0.4606207752152308,0.9976415867457776,0.286,0.5226,0.9858130824270173,0.44153006722180693,0.5489146197185361,0.4986,0.6335465574159771
