obj_0,obj_1,obj_2,obj_3,obj_4,obj_5,obj_6,obj_7,obj_8,obj_9,var_0,var_1,var_2,var_3,var_4,var_5,var_6,var_7,var_8,var_9
1.7118014956307017e-34,4.861263988884716e-47,3.078469403586647e-56,4.4512559838729085e-33,7.274826135624838e-17,5.1755629386572544e-54,0.0,3.011001049900001e-42,1.1880692687377055,6.335643573190759e-07,0.8616051595363444,1.0,0.5548910041405853,0.0,0.4232141219858323,1.0,0.9997522852783806,0.603375422081387,0.7457130773881457,0.9336695386326718
2.5997484248448636e-50,4.858863941269607e-53,4.245718793692599e-34,6.9337849846153754e-18,0.11323730220734576,4.637507717281032e-50,0.2621759517064145,1.6546156676496036e-21,1.2169392276262208,3.67673642410452e-07,0.8564940022226921,0.9984143093033002,0.6246955543847974,0.9969994396627355,0.32670949213604805,1.0,1.0,1.0,0.9348777641619095,0.0
0.4844320498894155,1.1519816665792613,0.02351651947777087,0.014519029473689656,1.8509535234518332e-32,1.3971960322433607e-39,3.8532928384506067e-23,2.0747999478570536e-50,1.7184907675424946e-30,0.0,0.0,0.5005196971704935,0.3164021772853668,0.5928270629456535,0.40599648587743387,0.47834766268128737,0.9521144899930861,0.9567180788474912,0.9970817476880041,1.0
1.0933680844108997,0.0,0.0,0.0,0.5955362607038147,0.0,5.534641953298351e-32,2.4084870498324086e-31,1.2433222495715857e-32,6.676386781265505e-30,0.507378889323499,0.47646698763076134,0.49079985042519436,0.48363516841440346,0.0,0.9885932252969448,0.0,0.0,0.0,0.9950121512646839
2.1949205283589345e-66,2.7603608207926465e-104,3.5845772509871803e-50,0.0,5.854058906589071e-34,9.560403719121129e-18,1.3648584727333e-311,0.15613324145014634,1.0113844641443286,0.7177909699917934,0.990612832657672,0.9989745614604083,1.0,0.0011470567769304996,1.0,1.0,0.0,1.0,0.4159434328227881,1.0
1.3155630541717019e-34,5.948052544921353e-305,2.148477512189879e-18,0.03508730049653063,0.1683328432782037,0.0,0.0,3.653800287216185e-21,2.99464808205221e-42,0.98902578818972,0.9988399800360955,0.3894468703149864,0.6328666468536609,0.0,0.0,0.9985988877123214,1.0,1.0,0.0019705680294707095,0.562145630695771
2.436105489952528e-49,0.0,1.536337391913225e-74,3.978462184604801e-33,8.173754140450302e-57,6.497321819441755e-17,8.93613951576323e-38,1.0610931778804213,9.090614425552533e-26,2.0465399175863743e-20,0.6322538290662006,0.5589425840477904,1.0,0.6157762816956535,1.0,0.5769867825691983,1.0,0.557232843956387,0.0,0.2528296581698738
9.889325281672729e-18,1.0245428161062544e-17,9.382620859765044e-52,6.507348679462302e-27,5.1834153552167896e-232,0.0,0.0,0.23255108692882379,0.976009476233296,0.0,0.0,0.998388935123861,1.0,0.0,0.0,0.007139206911414453,0.802856355622711,0.45313441817558364,0.9933136459780179,0.5577209038642116
2.2173758944688765e-49,6.673915726273005e-81,1.2751868406790957e-87,3.62124964685769e-33,9.044267749871569e-60,9.5561224381221e-34,6.116402084130476e-17,7.755280077646546e-27,0.998884264163178,0.42735388732667573,0.9865190509012864,1.0,0.7926287407533308,1.0,0.9820987100360011,0.5395279532922741,1.0,0.41270159395638695,0.4817527641619095,0.2059546581698738
7.506540393064252e-17,8.782432598834138e-70,0.0,0.0,0.0,1.7337727641883165e-30,9.925236459151483e-50,1.2259110787356156,6.983508652856917e-23,0.0,0.0,0.5964787116394603,1.0,0.4669300361032849,0.7272342506709164,0.0,0.0,0.0,0.2942527641619095,0.02469895988372217
1.6679544854382603e-17,6.138327788595031e-52,0.27239763931928046,0.24798220520492706,1.837687296265104e-19,0.09358198915167161,0.925674468942616,1.2211051338116653e-38,5.669887189965798e-51,2.6662365501272724e-78,0.16683797484617968,0.3130196971704935,0.41581816097206936,0.9971535113646629,0.9817411147836839,0.6531586575691983,0.9924814285032335,1.0,0.4505027641619095,0.47425102362404953
4.5683028570763185e-17,1.633476507825509e-49,0.0,0.7460604739679961,1.0029425552755495,1.0954032153946628e-14,0.0,5.07852571791158e-25,1.8912307573109204e-13,8.050489638600136e-39,0.4131691855382359,0.741032313599434,0.567710697303402,0.0,0.7202204377434483,0.9947853157448807,1.0,0.0,0.4715984633004405,1.0
1.6165464064552492e-33,6.659871303442981e-38,0.0,2.7674298396416816e-64,2.640020631177289e-17,6.996873709225387e-17,0.0,1.2213097704322666,0.1860328314377164,0.19051044662682023,0.9769803915662006,0.9768619269288856,1.0,0.0,0.9973937639028125,1.0,0.4902004274930861,0.0,0.8998861709668136,1.0
2.8563699546627557e-49,4.664806141087327e-33,7.618206562635278e-17,6.928054511776762e-68,0.0,0.0,7.39794078950087e-18,1.25,9.401865345391807e-14,7.057554037490235e-32,0.48479289156620065,0.7358712596704935,1.0,0.97251830906874,0.0,0.0,0.3073451659502981,1.0,1.0,1.0
2.869806277073085e-49,2.0746917631964041e-72,1.2056539751160367e-61,0.0,4.686749320818306e-33,7.654042494670958e-17,1.25,6.339519761986536e-49,0.0,1.7774791670071256e-39,0.4069750135425885,0.0,0.32740873714394436,1.0,1.0,1.0,0.0,0.748639093956387,0.5842918266619095,0.0
2.875721425218829e-17,0.0,0.46964094908360815,3.982959680536148e-45,2.849630289614105e-225,1.5258660743301761e-22,0.9864446817488747,1.9275970924149693e-42,0.0019120950787988968,6.079933685032295e-36,0.44207242300002764,0.9342638237729524,0.38063139339394436,0.9966804529048962,0.6069547378305589,0.005699923498674986,0.3608470845313167,1.0,0.0,0.8042006713529366
8.766663473172688e-18,1.3374076054827315e-18,3.810871794766573e-48,2.965727855993646e-17,3.2696620997784493e-23,8.241357144205282e-32,5.591879394268774e-17,6.153731567116513e-39,1.0438088010391193,0.13587644825482004,0.9753481872661337,1.0,0.5996173194644197,0.9961235118476096,0.7116910659555589,0.8675141263191983,0.9979567366786639,0.49473284395638695,0.9768766730288686,0.7293805134492968
7.125871642551572e-17,6.395709057011674e-32,2.8129403105667336e-64,6.586784420935284e-30,1.1637431539465715,0.45629143279540824,0.0,2.0485221420782808e-287,0.0,5.853229662863902e-31,0.4951578365539313,0.0,0.0013495348611606561,0.0,0.9857429166919127,1.0,0.7373898507225717,0.33419659940447316,0.7039945681921284,1.0
0.7519439574715807,8.198551242018652e-06,7.86935928372785e-46,2.115597642124041e-44,1.0407551926207482e-22,3.48486934251107e-17,9.920543079928088e-35,1.275360588646608e-10,3.4831554988688745e-23,0.6974184048626337,0.9926053915662006,0.5952462596704935,0.7949380340189444,0.45629141841440346,0.6834375106577073,0.6017975735848233,0.3652004274930861,0.35337542208138695,0.8880027641619095,0.6599341503573738
3.645384573901317e-17,0.5953364801082852,1.169607831356631e-28,5.338820142054329e-09,0.0,0.8721771766099823,4.3807086831184226e-21,0.0,1.410462115804057e-28,0.0,0.0,0.5239571971704935,0.0,0.6226122191956535,0.9952101741135342,0.0,0.8271144899930861,0.525982843956387,1.0,0.7366257352423704
6.262454133259238e-17,9.417248571286505e-48,2.4223064310962287e-38,6.338759446546045e-47,1.0227363738866426,0.01057799803755475,7.079740643185808e-24,0.013619706130973715,3.264589244954502e-11,1.4146237691453465e-17,0.6752225790662006,0.7817696971704935,0.9534158172220694,0.5840380004456535,0.9510099136118089,1.0,0.4989894899930861,0.608014093956387,0.4895652641619095,0.6512671581698738
1.7566357854117543e-33,5.131370750965435e-64,2.8688039467947696e-17,6.479798697735363e-51,2.7415853902321948e-17,3.6457611953419525e-30,2.4282272593943393e-46,0.6480503814724098,0.7939349525227548,1.0441107168126126e-35,0.44475382906620065,0.9942926705739622,1.0,0.5080492309144035,0.7373450807087768,0.9928016486624275,0.4587514053338437,1.0,0.4928268012640971,0.6576148144198738
3.284893745186498e-33,9.110552204859312e-56,7.322185436491642e-58,5.3646386002455064e-17,0.0,3.1879826037692604e-46,2.2034893183479423e-45,0.8761119702400033,0.5217684983022011,2.307036546094111e-55,0.2828684863498885,0.9893265963493367,1.0,0.5178148559144035,0.5079004012827073,0.0,1.0,0.564312922081387,0.5922008616873314,0.6404029003573738
5.939512791549487e-17,2.1858316121560253e-51,0.9699960504016025,2.9432666390945236e-43,4.839033396361956e-19,0.2464218867504179,4.766976871589e-27,1.2212817180294495e-38,5.670707113301342e-51,1.1431474349833416e-37,0.42522257906620065,0.3130196971704935,0.41581816097206936,0.5430223754456535,0.9817411147836839,0.6531586575691983,0.3739894899930861,1.0,0.4505027641619095,0.4715796581698738
0.3686675909654772,2.0978392061591583e-18,2.7580516894773825e-28,0.24509591750633275,1.5913447401445652e-12,1.5137953982663121e-27,1.5212982646763453e-27,0.9081065039140371,3.653064866348669e-11,6.107040230429819e-10,0.8051053915662006,0.7827462596704935,0.9965981902689444,0.5412523559144035,0.5412255965952073,0.7648835110848233,0.9902004274930861,0.533062922081387,0.6692527641619095,0.6013404003573738
0.7376119329519155,4.197253216169657e-18,1.87187944091834e-25,0.0003044531389549464,3.9400098562896674e-17,3.5821501809468442e-06,0.6971387966663076,1.2919068029949015e-26,1.0621506637304692e-23,7.087737593404616e-39,0.41350382906620065,0.5864571971704935,0.5483865203470694,0.9927294066956535,0.8808500015024339,0.6844086575691983,0.9208644899930861,0.565045343956387,0.6692527641619095,0.3778296581698738
3.0685416984503297e-17,0.0,0.0,0.5011308894265298,3.0597962612729245e-268,1.6281770668995045e-22,1.130375587990426,2.1815602840041516e-42,0.0,5.706356934518783e-32,0.48381632906620065,0.0,0.38063139339394436,0.9969169598192074,0.6069547378305589,0.0021178549609532082,1.0,0.0,0.0,0.9862914063796568
0.9627641636434819,8.609556706438958e-44,0.0,3.001471949952294e-262,0.21072136875646208,0.20869817232333854,2.3127911593008618e-24,2.254574254310261e-20,1.948328444928052e-11,2.4042242136238837e-19,0.6483604154264395,0.7778634471704935,0.6331948699564444,0.5776278261167477,0.9800167385686558,0.980331003215386,0.0024153326102085426,0.0,0.3694480766619095,0.5860765973436348
6.723470167515143e-17,0.0,6.140794002775728e-37,1.0980260058975837,6.269490112501685e-27,0.17656753049085241,6.432092322300329e-14,5.970161451176726e-28,2.9099228497789456e-19,4.741605682162815e-54,0.2912973225736857,0.6489571971704935,0.5312966765970694,0.7339403441956535,0.9773829594721346,0.5440076378052588,1.0,0.627545343956387,0.0,0.8348609081698738
5.889216955571974e-17,0.0,0.0,0.0,1.8899715382583737e-21,0.9617821175386946,0.7729332221868451,8.133455916027808e-43,0.0,5.69434371490479e-32,0.48381632906620065,0.0,0.3769023422252745,0.9916180783914263,1.0,0.8976412014093778,0.0,0.0,0.0,0.9836075402051565
1.2294961062353604,1.8839463856249558e-39,4.122627905577299e-223,0.1239060533178334,1.2514604266476872e-186,0.0,0.0,4.516041310294087e-31,1.1708064933332924e-118,2.93352433189501e-25,0.5646683994142309,0.06573617622704758,0.4939320030564731,0.0,0.0,0.0137433864384513,0.972876731964884,0.005933258513150186,0.40727918507036165,0.9855139859083284
0.995588942201589,1.5490785306592948e-10,3.1909841938881862e-27,0.11962520582902639,1.071174592555358e-30,1.6848047511089265e-31,0.0038542690553811025,3.6503130052528015e-31,0.0005431891341684803,1.8836871668562758e-66,0.21916789156620065,0.9233712596704935,0.49391264339394436,0.9416429809144035,0.4901086532358323,0.49925851108482333,0.9745754274930861,0.540875422081387,0.7942527641619095,0.5525122753573738
7.46544384079318e-17,3.804093690039307e-18,1.220781312304013,0.2686875276772104,6.906599059463223e-201,2.679091860830447e-128,0.0,2.2846602542969598e-201,1.3704771367925343e-53,4.279644539247859e-43,0.37444132906620065,0.29406166983095544,0.009787187700166566,0.0,0.05264408445176355,0.009896060542010754,0.9803839682777662,1.0,0.9662889258242744,1.0
1.227955261941407,0.0615349487553483,0.0,0.1239060533178334,1.2514604266476872e-186,5.654040345918819e-24,0.0,4.516041310294087e-31,1.1708064933332924e-118,2.93352433189501e-25,0.5646683994142309,0.06573617622704758,0.4939320030564731,0.0,0.5816251479868089,0.0137433864384513,0.972876731964884,0.0,0.9661277641619095,0.9855139859083284
2.0222033833230554e-49,4.419326472333941e-169,3.30250874738903e-33,2.8743489850483595e-249,2.731000953862135e-82,5.393406081963168e-17,0.8808100565352014,0.41092068552190925,7.289029551514634e-14,0.24344486377546584,0.9816076570916368,0.735849619691409,0.9872764064921337,1.0,1.0,0.32152413608482333,0.0068775816726576455,1.0,0.06330443161120664,0.4555946003794541
5.390256514751669e-17,3.597738519967437e-145,0.8802956931753018,1.7976986331461759e-37,3.958881026557012e-35,1.552099345003827e-46,0.48482419905209245,4.602346052165861e-23,0.0,4.776927124037247e-09,0.8218806093437981,0.0,0.5951782344834199,0.9886853660645873,0.3471376432036246,0.45140694858482333,0.4277004274930861,1.0,0.052033495619765946,0.4294654003573738
3.669012851990537e-18,1.8570228393876933e-60,5.932030084684168e-61,6.2811284596992e-49,1.6220301869703148e-35,2.25357135255037e-18,4.7238679662092265e-17,0.774664397768669,0.9807380341518613,0.0234089555009954,0.956673568807848,0.9944709587099203,1.0,0.9994040743769506,0.9895752000739049,0.6675655216970104,0.4902004274930861,0.37164247388377336,0.37590792466940587,1.0
4.060207358487348e-33,6.630821819506199e-17,1.0828953824274616,9.363628034266897e-12,3.766623540946874e-17,0.0009017668163693801,2.3940716022492982e-21,0.0,3.967105001645493e-37,0.0,0.0,0.4302071971704935,0.0,0.6187059691956535,0.9273504300579289,0.6814789700691983,0.7716269326754575,1.0,1.0,0.7879162341629855
1.0668216982785367e-19,3.693330494349599e-19,0.0,0.0,0.0,6.640867141115867e-17,1.0845540798229563,0.18026345988624976,1.3887835788004126e-194,4.3838746349572235e-233,0.004721127134357017,0.011456539586492676,0.9777005166098204,1.0,0.9999630798456104,0.0,0.0,0.0,0.9980294319705293,0.8153296581698738
4.133436201999922e-33,1.9208222940572994e-99,9.03744919394393e-210,3.493615475554783e-243,2.750927817658854e-45,6.750413596602353e-17,1.1024262017917743,1.484468153800569e-23,4.830344765125635e-26,0.24776554702998405,0.9805825176124283,0.5552071971704935,0.5879373015970694,1.0,1.0,0.7520911543449073,0.007894205722038444,0.01703868788317736,0.21612776416190949,0.1395484081698738
6.704351174802557e-17,1.705309927618513e-17,0.0,1.1297677851184118,0.5349063018030711,0.0,0.0,9.174283196958208e-59,0.0,6.316409291517165e-31,0.49553507906620065,0.0,0.26103300472206936,0.0,0.0,0.9874041468868462,1.0,0.0,0.9817527641619095,0.0
0.2788347624786024,0.9959218511297397,0.016154062837638337,0.0001733922103600926,6.118036024486067e-26,1.4997497237606229e-34,1.427761413470708e-22,5.0630473847165795e-31,1.7913246587790913e-05,9.014543023015182e-244,0.003693529593507494,0.8921212596704935,0.49537748714394436,0.6017813195796786,0.4567224227670823,0.5568756985848233,0.912604154998678,0.954937922081387,0.9980927714571852,0.6853247753573738
4.4270485231518e-33,7.229918905980212e-17,9.306963467965358e-62,1.9960310456597864e-55,1.6586120903172806e-50,1.1807353615775524,0.0,0.34930377944036906,9.538346867751051e-48,3.5711293071733413e-22,0.6062659080601334,0.3364571971704935,0.9831667306701329,0.0,1.0,0.45882272006919833,0.40968412900380524,0.35410784395638695,1.0,0.019042544595790717
7.112105205885325e-17,2.524267149181137e-29,1.2790267053330524e-38,1.8922887316726752e-53,3.463642187113836e-47,5.059797640957622e-54,4.197255401652529e-38,1.1614949242242008,0.46198435146811834,2.2989224762845583e-63,0.23479289156620065,0.9858712596704935,1.0,0.6105882934144035,0.4232141219858323,0.49535226108482333,0.42883348906211866,0.603375422081387,0.7473777641619095,0.0
0.9407120777233217,1.0715351501064828e-30,0.3810295529441835,7.495981660646958e-36,0.0,0.13601184412162662,2.2602540069209563e-31,9.96662838582938e-45,1.0761850921200845e-17,0.0,0.0,0.6733712596704935,0.36134428401894436,0.49144766841440346,0.9756281587688006,0.0,0.4433254274930861,0.9860335241558628,0.4995791425297736,0.3450082622079216
0.6580480651213435,9.066213250223392e-39,0.02043684113828886,1.255036442258648e-34,1.7823663709421774e-20,0.0,1.0398985709071393,5.343756341260114e-41,3.8574771225979347e-17,2.726975609410466e-19,0.6478788290662006,0.680769373835395,0.3930207160333893,0.9955577624500639,0.0,0.6344013543092457,0.4579738649930861,0.961521427758389,0.4163230766619095,0.9804018222434846
1.3756539827995729e-65,0.0,3.1487018925253125e-66,4.5554393612520284e-91,2.3047117574556697e-49,3.763879935113209e-33,1.0755213714361007e-51,6.146882411702327e-17,0.0,1.0038620794145752,1.0,0.0,1.0,0.6495291315444474,1.0,1.0,0.553513387284017,0.9807557237756671,0.0,0.562145630695771
0.5802790597673008,0.0,0.25461757370344706,5.951174712830433e-191,4.822618073619803e-22,0.23636294807902836,6.0142156450200485e-24,1.051227216510464,2.3512350210189624e-21,2.8992087244796195e-24,0.5776868688963155,0.6177071971704935,0.9954853426623358,0.5855028441956535,0.9852936111325379,0.6121430325691983,0.012524664725732049,0.986741588301413,0.0,0.0
0.6514647558147642,8.983046524689473e-35,0.7588406000986896,0.0,4.989326574741438e-19,0.04086624424137906,0.7487219548368238,1.5253700819753868e-38,0.0,0.0,0.0,0.0,0.41581816097206936,0.9910958653322806,0.9641608667437191,0.6531586575691983,0.0,0.9940100838226532,0.456493006459518,0.0
0.058911222854100616,0.0,3.2853224961760735e-35,0.0,1.475270008314485e-20,7.198357805853486e-189,0.8682175404316409,1.256299356862231e-62,6.545307118679926e-14,0.5910713746675234,0.9903665746245242,0.7358712596704935,0.2396809251961886,0.9995592146367993,0.013455788591368145,0.6486725735848233,0.0,0.4629164361096344,0.0,0.7279658755634865
2.0483204997972683e-33,0.0,3.3451612354245954e-17,2.681427950773496e-203,0.5463062881074979,1.868051562443602e-27,1.8773102385738896e-27,0.8503874702701868,1.521526774697991e-11,0.0,0.0,0.7759168313885715,0.9954920433046839,0.5412523559144035,0.5412255965952073,1.0,0.013711289227590073,1.0,0.0005034126650226289,0.6036675285344926
8.933937377814352e-82,1.1761729148422e-92,1.459022696835448e-65,2.3827648883764305e-49,0.0,3.8913503714465335e-33,7.050528443072636e-51,8.641169705016843e-61,6.355057432323905e-17,1.0378596403058489,1.0,1.0,0.5266274871439444,0.6616373515631191,1.0,0.0,1.0,1.0,0.7748775595898565,0.6945755388168019
8.397998845900148e-18,0.0,3.086702775454375e-18,0.0,0.14612044433854968,0.22696377881080718,3.8536043271872194e-295,1.2205065583003738,1.0296156974757958e-40,8.268707673685102e-158,0.02668357884811401,0.39554550419823675,0.9985095294088091,0.0011470567769304996,0.9954822849224666,1.0,0.0,0.9851605323174841,0.0,1.0
7.642926983825054e-17,7.739297621241206e-42,2.860726492334963e-57,5.211678998223921e-40,4.3260978092887464e-33,1.4604382343179997e-30,1.0332199190309063e-49,1.2481846993184251,4.240209021011684e-22,0.06734208481605175,0.9668401336367546,0.6072253380684205,1.0,0.46703360591440346,0.7258569442514573,0.6848053860848233,0.5839504274930861,0.39243792208138695,0.5598777641619095,0.0
2.10558203280335e-34,0.0,7.683929004919724e-35,3.660494694333235e-18,0.0,0.059780415004257785,1.2197156241583981e-24,1.0374384520293527,1.2795028149926155e-194,3.254220379281116e-19,0.6501243748433472,0.011453610023507449,0.9996267524923788,0.5903856566956535,1.0,0.0,1.0,0.9850956875450878,0.0,0.30211268121884566
1.0569352118489865,0.023500676682046882,1.814751489981108e-30,9.40175576634468e-56,3.705203642832787e-23,5.0181229226979715e-24,2.8831787188996758e-30,1.3578455811462372e-58,1.2811091764945078e-69,7.45733164768526e-37,0.43303507906620065,0.2036446971704935,0.26249784847206936,0.5039598754456535,0.5818387710336839,0.5935883450691983,0.2802394899930861,0.5016322111183431,0.9583152641619095,0.7391577831698738
8.981821461099301e-68,1.4668427610887963e-51,2.3955360224843103e-35,8.011315490123051e-35,1.3655862507079627e-18,6.059935393167178e-19,0.024398969853188193,0.08302787347407008,0.0,1.2470008269830766,0.999548987276074,0.0,0.9979936014194867,1.0,0.9868404889230482,1.0,0.9979567366786639,1.0,1.0,0.0
0.5648857795530366,5.329911585847465e-30,6.654763588413473e-19,1.437159931358214e-32,0.0,0.05184376000356507,2.019651656935327e-31,0.14944160434614204,1.1038040983335322,2.134099475752884e-59,0.25725382906620065,0.9962820595658675,0.9820828428199886,0.4938030244724963,0.9719725732082,0.0,0.4809437062420474,0.658795343956387,0.5102539728856583,0.0
0.2326778314738212,3.851183888904559e-28,6.922654811717311e-37,6.484178082178655e-27,2.028786912523334e-33,4.0801030365506773e-17,1.826616560838616e-36,4.871224343498824e-06,0.9765414192501165,5.479973095885674e-12,0.7680858665771669,0.998388935123861,0.8938149871439444,0.44359610591440346,0.6925927840952073,0.47582101108482333,0.5527004274930861,0.43931292208138695,0.5373128088474665,0.5622779003573738
9.102631890756563e-34,1.4865726015197475e-17,1.6982366548744077e-17,0.0,0.36859089260623484,5.013263677800384e-25,0.0,4.5136885455170526e-36,0.9423187083767413,5.041567423551438e-68,0.21135539156620065,0.9972938733390289,0.44557279964394436,0.0,0.5746118270639573,1.0,0.0,0.9938983718298264,1.0,0.6088199578185232
2.1172154505856424e-17,6.294822446411539e-17,8.528420766134124e-68,1.1355747748203905e-17,2.6442075391520573e-50,1.100353788133209,0.0,0.593061161214336,1.6576274535844541e-15,4.191306096768954e-181,0.015606057218442215,0.7067479710969896,0.9885053869952647,0.0,1.0,0.4612927453752525,0.9779724144845379,0.3084074997798843,0.9976889608496629,1.0
4.686749320818306e-33,7.654042494670958e-17,9.902405044103886e-51,1.25,0.0,0.0,8.367553990614684e-23,1.4731771486500322e-280,3.5352464939013164e-24,0.0,0.0,0.5788338200432437,0.0015803462521716272,0.5974419122526436,0.0,0.0,1.0,0.45620212027900053,1.0,0.0
2.3254598027374512e-17,5.878113715352596e-52,3.080846134705171e-36,0.379776406447398,5.35572712900008e-08,1.8367546050251377e-52,3.7375840829154123e-16,3.082224236715773e-23,0.9817231535332206,1.2664381090986496e-70,0.1989948887785732,0.9973249641380367,0.598593730337507,0.7046434691956535,0.30541054837743387,0.8502207616254208,1.0,0.6445556400391683,0.44881368702405544,0.7293921581698738
4.692534528213999e-18,3.8705873919567173e-19,2.0391708343264424e-52,0.07689515927219007,0.0,8.870133489963594e-36,1.7366411385631002e-20,4.424309586888753e-50,1.1472606417966964,1.9245819766071075e-233,0.004680322843404167,0.9995646949580343,0.32782212890481777,0.6480028441956535,0.45567910306493387,0.0,1.0,0.4512368291526181,0.9709406299345299,0.8870848791383584
5.149747478110204e-17,0.0,2.871877448777794e-50,1.2147409793413331e-50,1.2896130205384658e-35,0.0,0.8410175867353198,3.6873829017924283e-20,6.325707282873482e-14,0.5712404982130881,0.9903665746245242,0.7358712596704935,0.6374673308939444,1.0,0.0,0.6486725735848233,0.4589504274930861,0.4629164361096344,0.0,0.3708716503573738
2.2874610565348562e-49,1.4180880715768209e-49,4.39533451181357e-33,1.1618826195134485e-33,3.759559328935371e-82,7.424688051282533e-17,1.2125435768830475,4.2414064841132413e-32,4.8548999878065905e-14,0.3037072178260923,0.9816076570916368,0.7312462140010766,0.48247734613642956,1.0,1.0,0.32152413608482333,0.9821148634026922,1.0,0.9896493804952884,0.0
6.05496156358478e-17,6.131309343257133e-42,2.2663554148397713e-57,4.1288522162741876e-40,3.427267591459077e-33,1.1570040370004303e-30,8.185485625732517e-50,0.9888502656930113,3.575613058287715e-11,0.15249049851928,0.9769803915662006,0.7827462596704935,1.0,0.46703360591440346,0.7258569442514573,0.6848053860848233,0.5839504274930861,0.39243792208138695,0.5598777641619095,0.5232154003573738
0.5586498426043619,9.906401698076747e-05,0.4840665234815341,4.9591127261958025e-33,0.7245453698569393,0.0003024904170845713,1.0349674751676824e-25,1.9396056138397432e-25,0.0,1.3943562124797188e-30,0.5004178915662006,0.0,0.5633343396535068,0.5598070434144035,0.9176904403452073,0.9929651398390426,0.4745754274930861,0.9921463382092364,0.9131172846106528,0.6872779003573738
3.882396781967497e-34,2.7002814186274353e-36,6.340588467484092e-18,2.8975731895458146e-27,2.308056030708547e-232,4.028223000394191e-249,0.0,0.10354966790259292,0.43459464528185265,0.8989233076152687,0.99652980210825,0.998388935123861,1.0,0.0,0.004853652064857716,0.007139206911414453,0.802856355622711,1.0,0.9472439110868534,0.5618204919657468
2.042029259243147e-33,9.911522972996122e-35,2.408490434856203e-51,3.338812878997382e-17,0.0,0.5452695228243758,0.15641248949948555,0.14944160434614204,1.1038040983335322,2.134099475752884e-59,0.25725382906620065,0.9962820595658675,0.9820828428199886,0.9828796165515856,1.0,0.0,1.0,0.658795343956387,0.965819964568377,0.0
1.1746653077748874,0.0,7.374596326659928e-25,4.867446490741317e-136,0.26568680827068997,4.269823483099498e-22,0.005046747113417708,2.95550246015036e-43,0.0,0.0,0.0,0.0,0.37319652860448604,0.9424567087931022,0.6074848050837365,0.9806429112681636,0.044077065367542356,0.5701866467737179,0.0,0.9520484081698738
1.3108982403661663e-17,1.4195773454706913e-17,2.1026082942569308e-38,0.3155630759034426,0.0007153842073102203,1.1071300137396458,2.599986178589133e-19,9.918213065835288e-49,4.6819009601597595e-34,6.0230051798713415e-30,0.5072538290662006,0.4614571971704935,0.32914823909706936,0.6480028441956535,0.9980567243820013,0.9366844822407575,1.0,0.6143356448560546,0.9935833041428055,0.888875712240871
0.9952672133273209,2.995581183793892e-32,0.0,0.0,6.70982362796588e-13,3.2707928087302007e-14,2.5738607641186934e-39,0.0,1.4421832715847343e-08,0.7562692470778305,0.9912118819646851,0.8310929700959441,0.0,0.40941641841440346,0.7298034878482016,0.7521881985848233,0.0,0.0,0.4817527641619095,1.0
1.6105702785171763e-18,7.372744237760022e-17,1.985131360102312e-76,1.2043477633289168,1.6701760650899924e-35,8.691097836846295e-23,2.5480288324173284e-25,9.768964369868257e-90,1.4456021902492384e-63,0.0,0.0,0.23379314335619417,0.12797636409706936,0.5640184691956535,0.5978910171274339,0.44612740756919833,1.0,0.25254534395638695,0.9998599870618012,0.9520484081698738
4.9080330203677424e-17,1.477232563112417e-48,8.388191946722882e-45,0.80154262009012,5.403784570700607e-13,3.0678067104668823e-27,2.072869549999295e-39,5.638438287172184e-17,9.72822847107438e-09,0.6090646066494979,0.9912118819646851,0.8296212596704935,0.6862954558939444,0.40941641841440346,0.5418359481577073,0.7521881985848233,1.0,0.525250422081387,0.4817527641619095,0.5818091503573738
1.6072289026258886e-33,5.704464434462691e-46,2.1316298724751803e-76,3.358435485428309e-56,7.827310859908367e-64,2.6248039904156922e-17,0.4286630222270099,1.174201010634553,0.0,2.2989224762845583e-63,0.23479289156620065,0.0,0.9974820975520616,1.0,1.0,0.49535226108482333,0.5905265034685825,0.37090709580215125,0.7473777641619095,1.0
5.830697332908296e-17,0.9522251373976325,2.8209889718820763e-119,0.3060892759750871,2.331310693634568e-13,1.4243034125726003e-34,5.162965859696101e-19,7.945798233119484e-23,1.8813861395539564e-21,3.4408577669597563e-78,0.16726479758977514,0.6177071971704935,0.5984656900874101,0.6533815617626012,0.45663995355704556,0.7442415007098316,0.9839354452831153,0.0649763660356883,1.0,0.5145484081698738
6.235267072836551e-17,1.0182963899759159,0.3781485579978249,4.297746918940927e-15,1.9311225514122098e-15,0.6158079214941993,0.057937328197562483,8.515022047977707e-06,2.3512350210189624e-21,5.255961801399085e-46,0.3501678124689459,0.6177071971704935,0.8838357390970694,0.9653856566956535,0.9889243864431796,0.7088227200691983,0.7145159693566379,0.9852536624158965,1.0,1.0
1.8163900464943234e-33,2.966390060806046e-17,5.355781750397948e-59,3.070698544612828e-57,2.3100999870415876e-56,7.082624667061308e-37,5.451819160064647e-42,0.48444826097963306,1.1523063318552969,0.0,0.0,0.9970825020468619,1.0,0.5632250121644035,0.6336048032886332,0.40453194858482333,0.3964504274930861,0.38071917208138695,1.0,1.0
0.9545344237164369,4.731105476004526e-15,3.705749850634673e-24,0.2884620769258263,7.261151528855153e-13,3.308362248696635e-05,4.257844654422687e-16,0.0806424805360482,1.8970008265880853e-13,3.2198725002827266e-34,0.46037882906620065,0.7427071971704935,0.9707498015970694,0.6987840941956535,0.8979398452524339,0.7527680325691983,0.9833644899930861,0.580670343956387,0.7161277641619095,0.4793921581698738
1.971901081831293e-34,0.0,3.220358854821174e-18,0.0,0.05259245126126673,1.0360626253862821,3.4458889460923336e-232,2.3216859017393207e-20,2.337705012261623e-11,5.107344971219987e-57,0.2722458729619642,0.7790534408465449,0.6331948699564444,0.004822279357953652,0.9996718433885203,1.0,0.0,1.0,0.0,0.6933820352265002
4.383729856489849e-34,7.159174154608451e-18,0.11691818669012072,0.0,0.8368175517096647,0.534959582067936,9.0122018848099e-19,0.0,2.3151304792933105e-15,2.202432481227064e-19,0.6478397279589361,0.7106967112483787,0.0,0.6570325117211382,0.9898168702393191,0.9990751631254133,0.0,1.0,1.0,0.5075904003573738
0.8839357824989454,4.1097327049918964e-159,2.3067041479097935e-21,1.6071285248722e-41,0.11597665203663408,0.22679204234431116,3.051091762535405e-23,1.5737128594054953e-22,0.4692454906267273,0.0,0.0,0.9880420391046466,0.6030740203470694,0.5932611616173497,0.9817539396714455,0.9754242825691983,0.3896144899930861,0.619732843956387,0.025984402199905055,0.3192359081698738
7.507523329062585e-66,3.799834683528415e-108,1.4109187669845219e-108,1.2852426618905806e-96,1.425086779331589e-65,2.6305471961480535e-49,4.296009589017083e-33,7.015916086186045e-17,1.1457860488543796,0.4996742241207456,0.9866876118955743,1.0,1.0,1.0,1.0,0.9963153471953372,0.4902004274930861,0.372202130248247,0.37590792466940587,1.0
4.222574352687811e-33,6.895987244040863e-17,2.713391665510353e-37,1.8592374468938157e-60,5.702618579340957e-66,0.0,0.0,0.0,1.1262001825901342,0.0,0.0,1.0,0.0,0.0,0.0,0.32152413608482333,0.3650448159225075,0.6222830355951202,1.0,0.8552466503573738
3.4244185376186095e-33,1.2464734464141726e-33,5.951462675657615e-17,0.0,4.921546462805239e-66,0.0,3.8953783198188876e-54,0.9719476145777305,5.5887947830161724e-14,0.24344486377546584,0.9816076570916368,0.7338977466952157,1.0,0.422861416750389,0.0,0.32152413608482333,0.0,1.0,0.9850724067742395,0.4555946003794541
0.05439917863755469,6.364544714335923e-55,3.931377871121484e-12,9.54875177185331e-36,1.27083048574705e-19,0.13469957252308157,0.0,0.0,0.0009401106171717117,0.9902986740450493,0.9990273431724801,0.9465613860609701,0.0,0.0,0.9972021374929888,0.6633210110848233,0.45759613102583846,0.7881852906896356,0.2942527641619095,0.5299565333600311
2.9357068305529433e-17,2.5059457917592347e-29,5.679360677361477e-72,0.47943730920570676,1.995679882880129e-26,2.8490974234047937e-30,7.131368043365679e-228,0.0,1.1471347193256398,2.851999892780389e-306,0.0008742679552674604,0.9971003676605312,0.0,0.005367390726105703,0.5079004012827073,0.5549225735848233,1.0,0.28242599592871265,0.7539653563706937,0.993247693453405
0.830955435573092,0.0020683474035365045,0.0,0.0,0.39343012060039845,0.8260522889540785,0.0,9.071367505329376e-59,3.504678197186668e-210,0.0,0.0,0.007990338469873404,0.26103300472206936,0.0,0.992393146969528,0.9874041468868462,0.0,0.0,0.9375603873503657,0.014224647491996673
4.288787721103609e-33,7.004121880838834e-17,1.469708163331389e-227,2.3037431969433697e-40,0.0,1.1438599089493193,2.3338476367126545e-23,0.33185070414155177,8.309018820602129e-180,3.3088374293267227e-20,0.6345653396964103,0.01608700104915678,0.9829849850753529,0.5903856566956535,1.0,0.0,0.5797084154533887,0.007784981329446605,1.0,0.9370639871339547
2.8600933038157203e-49,2.3591176612572196e-50,1.6150808336096744e-76,0.0,2.565190943178164e-61,3.310424870552284e-83,4.686749320818306e-33,7.654042494670958e-17,1.25,2.0922376608623873e-233,0.004680322843404167,1.0,1.0,1.0,0.45567910306493387,0.7543127913804546,0.0,0.5315476690924521,0.9709406299345299,1.0
0.8671151882549041,0.0,0.7135162647455177,8.293552071924788e-36,0.005887646085219317,9.549014042273676e-21,8.621387636626349e-13,1.5019152327978235e-177,6.941473673629695e-22,0.5401639900367838,0.9875406003915083,0.6108712596704935,0.016955149766462577,0.7531664184144035,0.6270970552419117,0.9445710110848233,0.4433254274930861,0.9917860805171608,0.0,0.0038988297961754514
3.7605619381470156e-33,1.1914701984368235e-60,0.0,5.611469279199663e-60,6.141463711439519e-17,0.0,4.891849679208497e-47,1.0029771385048236,0.13104553498885343,7.553038575251073e-47,0.34416789156620065,0.9753838963762127,1.0,0.49779532466440346,0.0,1.0,0.5367561629836948,0.0,0.528502572525604,0.392753137248316
2.5505373626683324e-49,3.0636103086001317e-90,1.0960386294466e-79,4.16534361490042e-33,0.0,6.80252235632428e-17,4.529410927053745e-19,1.1109608342887243,1.6743295613976413e-31,3.50151320896759e-18,0.6653104905820533,0.48957611670102624,1.0,0.9468309691956535,1.0,0.0,1.0,0.49473284395638695,0.3880027641619095,0.1668921581698738
5.548748062246412e-17,3.905785961378401e-18,6.227847404678331e-19,4.6075350825969973e-132,0.9084784611568125,0.4181207047788945,1.1418403579403207e-26,0.0,7.280975773106022e-31,2.8978793866448387e-15,0.7122939590824546,0.49734797492139204,0.00021366672500237405,0.5477905197958811,0.987158728686129,1.0,0.0703429427570707,0.951764093956387,0.9694083988889763,0.4911109081698738
3.6660417615121605e-51,5.987100548606506e-35,1.996609159133076e-40,2.07772862999341e-46,0.0,4.478658855799314e-33,0.0,7.314858489494245e-17,2.6797419316168565e-53,1.1946070482668365,1.0,0.4302071971704935,1.0,0.0,0.9999145408151677,0.0,0.7646144899930861,0.877545343956387,1.0,0.9411428887184248
0.9239899965407432,0.5604977098693946,0.0,3.750402910214242e-12,3.758991720963306e-17,2.065810816647671e-35,2.389219977557051e-21,1.1416834571423008e-40,0.0,4.492485762918885e-44,0.36662882906620065,0.0,0.39653105159706936,0.6187059691956535,0.44756142728368387,0.6814789700691983,0.7646144899930861,0.0,0.9894750734832825,0.7840796581698738
6.617386608371495e-17,1.252391436318359e-24,1.6793315551778694e-41,2.2969214893041058e-67,1.0807012459394463,0.00011619435061182577,9.855097689284216e-25,8.303233765509693e-34,5.692607814751941e-22,4.139837953125792e-15,0.7142850790662006,0.6098946971704935,0.46440214534706936,0.5723192504456535,0.9085599624399339,1.0,0.3114894899930861,0.565045343956387,0.8333152641619095,0.7840796581698738
1.6884131690528804e-18,3.326385726086334e-61,1.5849961501509403e-17,2.728769558765257e-48,0.2603140224072159,0.0,1.439278081137191e-31,0.002015085682719779,2.7121698213304125e-17,0.977956990047532,0.9981909633445397,0.6889962596704935,0.9482583465189444,0.49598126589418884,0.0,1.0,0.4902004274930861,0.999300729364301,0.3723777641619095,0.3904029003573738
0.9797018539787125,0.24919567220393446,1.0283476811260412e-14,8.9900165065411e-56,1.0858417638214947e-27,1.2586817612437633e-21,3.740451239508114e-08,7.419409592875201e-59,1.941548971282346e-63,5.108195014684805e-31,0.49553507906620065,0.2348946971704935,0.26103300472206936,0.8389208129456535,0.6151639663461839,0.5349945950691983,0.2802394899930861,0.721295343956387,0.9817527641619095,0.6043921581698738
4.686523429479263e-33,4.5953966753859683e-35,0.0,2.36094734453632e-36,7.654042494670958e-17,1.25,1.1530562603620379e-24,0.0,3.270658631677293e-19,5.06535180309937e-65,0.22600382906620065,0.6489571971704935,0.0,0.5723849499494751,1.0,1.0,0.922700906275211,0.0,0.9505027641619095,0.0
0.544929025758093,2.960544075863514e-130,1.6386492396127442e-220,0.0,1.748789961081734e-05,0.7877731442336803,0.7697973292989103,8.100457403569979e-43,0.0,1.7800996464466636e-221,0.006160957090520225,0.0,0.3769023422252745,0.9916180783914263,0.9951463479351423,0.8976412014093778,0.0,0.006350680466428227,0.050744516298552256,0.9784038595903282
0.16150493821660353,0.1673205395742807,7.313549424812888e-36,4.000976763085805e-11,9.609427664143871e-222,0.0,3.8796099812182715e-36,0.0,0.976009476233296,0.0,0.0,0.998388935123861,0.0,0.44695263106560945,0.0,0.006225877807269936,0.7950515301991952,0.4497952859197739,0.9933136459780179,0.5577209038642116
0.47710772616219915,0.3661079651121894,7.741567763581842e-46,1.6603062482597762e-39,1.3796398723260947e-34,0.0947482283113404,5.150276003107501e-35,0.7973618150172355,7.771304403807853e-48,2.909553751419287e-22,0.6062659080601334,0.3364571971704935,0.9946505266836116,0.45426818431097327,0.9771864050941856,0.45882272006919833,0.40968412900380524,0.35410784395638695,0.9912837297203683,0.4433448482395743
5.28126984106769e-17,3.161805885009385e-17,5.621945486696373e-37,1.005251494406238,9.483261892074332e-12,0.47571658955581836,6.432091381368674e-14,7.823508078389896e-26,2.9099224240949867e-19,0.0006015533600519286,0.9233577109156277,0.6489571971704935,0.5578420581457187,0.7339403441956535,0.9873998720261747,0.7722992825691983,1.0,0.627545343956387,0.9893690422978393,0.8348609081698738
6.382304214992632e-17,1.0423093775995236,7.250541305821719e-32,1.3708224712507654e-31,0.006291522129718101,0.0,7.829024492059252e-27,4.764752126288227e-16,0.013617991803607506,3.4953581708562894e-23,0.5933258934561905,0.953234252133467,0.6992607614634494,0.5455013530990402,0.0,0.945902425990047,0.4889096922872049,0.4858056250258038,1.0,0.7059546581698738
1.0127958525481031,2.0800508636786833e-34,0.033284544892196635,1.582177829307953e-36,7.550504887394235e-28,0.25166443752287937,5.398093413858141e-06,1.5852264005586037e-33,7.699392960356871e-35,7.603659424030971e-26,0.5580350790662006,0.4536446971704935,0.46757597347206936,0.8814012816956535,0.9815274917368089,0.5330414700691983,0.4364894899930861,0.9620650670285098,0.4583152641619095,0.2899390331698738
0.4660054802162377,1.2581614687524574e-29,0.05542624350153448,1.05999060377034e-34,0.44847917175201907,5.963877569226949e-14,3.972188333067446e-30,0.0,0.7952547636545415,0.0,0.0,0.9942926705739622,0.0,0.5080492309144035,0.7373450807087768,0.9928016486624275,0.4587514053338437,0.9744772189438888,0.5156467143313382,0.6629297203942355
1.1121318278203527,5.80584642497268e-217,1.015751135711401e-20,2.7335921401943073e-189,1.0491541112267832e-11,6.991486269786012e-51,6.432092322300329e-14,5.970161451176726e-28,2.9099228497789456e-19,2.8953515159597956e-54,0.28986398032168914,0.6489571971704935,0.5312966765970694,0.7339403441956535,0.31334511868993387,0.7722992825691983,0.012940306877981422,0.627545343956387,0.006842517140149329,0.8348609081698738
0.002425413164925212,0.0,0.006197728159606276,1.5699017418279845e-36,1.1712039206333576e-85,0.0,1.0329697262244537,4.425771828167652e-20,0.04634835524382692,0.7023397185170492,0.9903665746245242,0.9650621140595181,0.6373202610454135,0.9999588997455497,0.0,0.14807896804637422,0.4589504274930861,0.9972925306416194,0.0,0.0
5.5044847400407154e-17,1.9536817299827903e-29,1.7325115814709076e-36,1.663465518966301e-17,0.9391026363578949,4.885847652140909e-19,2.6616723514678016e-18,0.4178133704080644,1.2015592737451852e-11,9.313126669588758e-33,0.47600382906620065,0.7739571971704935,0.9868630828470694,0.6646044066956535,0.6534330093149339,1.0,0.9833644899930861,0.635357843956387,0.7473777641619095,0.6668921581698738
5.163804243624786e-17,0.8433132307568235,3.6239574105509314e-31,0.0,8.907674403998635e-07,2.2452266884894002e-15,0.0,7.536062129113304e-17,0.0,0.6279000922853438,0.9910616842284062,0.0,0.6879396748385459,0.0,0.7116910659555589,0.8675141263191983,0.0,0.49473284395638695,1.0,0.7267091479949763
3.9650267935647525e-17,0.6475380160753874,1.3561133638435356e-30,1.3223718069209004e-37,2.9121191727842763e-35,0.0,0.0,2.965440580268772e-23,0.7685502775659113,3.325979971934874e-206,0.008774784196038943,0.994116355798604,0.5951782344834199,0.0,0.0,0.45140694858482333,0.4277004274930861,0.5026308126106858,1.0,0.4294654003573738
0.13026731720130916,3.728247540475351e-225,0.0002472946415089451,1.044529001029574,8.548365382288832e-08,5.090906121464098e-52,1.0359407639509056e-15,7.858172965320012e-201,1.979967040005165e-21,6.105024925434496e-41,0.3941603694403858,0.6177071971704935,0.009925886337866341,0.7046434691956535,0.30541054837743387,0.8455414700691983,0.9991775199011441,0.9350236339643117,0.005789025917883606,0.7293921581698738
7.654042494670807e-17,1.2499999999999756,1.6171854694754655e-34,4.437308585054049e-46,9.16957460654396e-47,2.4600988860214496e-20,2.4713250584883003e-07,0.0,0.0,1.648231830477062e-39,0.40666789156620065,0.0,0.0,0.8530981493458116,0.6323816024545823,0.34410675091611675,0.3495754274930861,0.45620212027900053,1.0,0.0
4.1169381099050696e-33,0.0,0.0,6.723470167515143e-17,1.0980260058975837,0.17656753049085241,6.432092322300329e-14,5.970161451176726e-28,5.970215565308952e-14,4.741605682162815e-54,0.2912973225736857,0.7333936386856208,0.5312966765970694,0.7339403441956535,0.9773829594721346,1.0,1.0,0.0,0.0,0.8348609081698738
7.595454914272989e-17,1.4963998903267657e-59,0.0,1.240431922013962,2.6732364185790477e-05,5.49805709482328e-09,9.523302754068174e-13,7.327721737405734e-23,7.667646803460209e-22,0.1543653009394581,0.9749139814560717,0.6108712596704935,0.5966954985837214,0.7531664184144035,0.8213063192075494,0.8940739587390645,1.0,0.0,0.3723777641619095,1.0
4.122212717908041e-33,6.732084256094224e-17,4.4915879867019475e-69,1.3069007876690163e-74,1.0994327933215295,5.19306109827828e-21,1.818524459329463e-24,1.6350023565527537e-21,4.027687154153072e-37,2.6401701400500233e-18,0.6635038290662006,0.4302071971704935,0.6162576140970694,0.5757372191956535,0.6234208869470123,1.0,0.26358441737950794,0.29942034395638695,1.0,0.8153296581698738
2.0562963153991584e-66,3.3581867307877376e-50,6.174911231797639e-80,2.8941726735988063e-248,5.484335129321921e-34,3.7882830998279603e-53,8.956598969009397e-18,0.14627236155347534,0.008334031280914535,1.2199653797643055,0.9992089142003703,0.9673664849400718,1.0,1.0,0.6403714858774339,1.0,0.010408616253726327,0.5019772788701047,1.0,0.9782586035652139
0.15155650090763673,2.5081559688206815e-16,2.239108220235594e-24,0.9957335156994276,2.068451943589945e-20,2.112110201671228e-43,4.682999226259554e-23,8.071039226970676e-25,5.305446254973683e-22,1.4088991828199705e-48,0.3307473987941273,0.6098946971704935,0.5715798797220694,0.5952684691956535,0.37261025540868387,0.6326508450691983,0.9989894899930861,0.588482843956387,0.7083152641619095,0.5848609081698738
1.8297148305549893e-33,7.42870946886821e-74,2.988151084588484e-17,7.040207651803497e-221,0.4880021058592488,0.872932977282671,5.0761390440945235e-192,8.309604983003825e-61,2.221396017719781e-228,3.0232668765447037e-27,0.5405591499094243,0.005266289359120102,0.24959406940105533,0.01216448684776944,0.9960843657082671,1.0,0.009157156370436514,1.0,0.3927571508403256,0.4911109081698738
7.654042494670958e-17,1.25,3.3648561047427986e-60,0.0,3.4260904497030817e-35,9.020544253786985e-23,1.7252260422298931e-63,0.0,1.7748561135957133e-60,1.1307313449402568e-13,0.7372305021660618,0.2509350533831913,0.0,0.23411980900862356,0.5978910171274339,0.44917718526627143,0.0,0.25254534395638695,1.0,1.0
0.2934438798117221,0.7731738886171817,6.223504997929807e-32,0.0,2.2885713943675064e-17,0.6577605028526013,0.0,6.1912847822952215e-30,8.128397148935362e-21,5.9936521921481565e-09,0.8233345000364498,0.6264688014580192,0.5078286590189444,0.0,0.9915438411074127,0.6799225735848233,0.0,0.48618792208138695,0.9973777641619095,0.7380591503573738
5.163812720037337e-18,0.08433146150600458,0.05415865433656655,5.558704370555594e-282,7.805064983814743e-41,2.3929849830083383e-21,1.8419896568548327e-26,0.3237584702390975,0.9620256099018577,0.0,0.0,0.9975741464695744,0.9978812100306702,0.5632250121644035,0.6336048032886332,0.40453194858482333,0.001568479319877053,0.9899294729496378,1.0,0.6413481586219747
1.2034594260528357,3.636050271944939e-10,2.154143934290622e-29,0.0,0.0,0.0011997557103846288,0.33791118719393504,2.7344275469227053e-37,0.0,8.552584996949006e-116,0.07020865852962732,0.0,0.42799467464394436,0.9826799601490553,0.929020748501751,0.0,0.0,0.513531672081387,0.7995410855504861,1.0
0.8278427736651045,5.145137185201153e-38,0.13534617499266294,2.39924957153823e-33,0.543001989443519,2.7336178164098477e-76,4.747222542244277e-10,3.642129587213367e-13,0.2299788885598224,1.0387367869277784e-28,0.5225105337144098,0.9808079511897843,0.7475764797759629,0.8031681373151256,0.17474688916070258,0.9899919628798743,0.47054676929446027,0.9775422300102259,0.4226426222178767,0.3407202831698738
0.8386772937190261,0.012968405511250992,0.3397416100087496,0.013595131237536803,0.0,3.3884662194343674e-45,0.4790250342379421,9.96662838582938e-45,1.0761850921200845e-17,0.0,0.0,0.6733712596704935,0.36134428401894436,0.9883532209307498,0.3579084872796142,0.0,0.9545660032132213,0.9860335241558628,0.9548416885060617,0.3450082622079216
3.4117497306974107e-18,0.05571810146521926,0.04876528121089808,6.733645180985353e-53,0.0,0.0,0.007190345898947318,1.0181803310077246,4.2850997918073695e-14,6.729796202439549e-31,0.49685425337071804,0.7315914179422144,0.9995246711883081,0.97251830906874,0.0,0.0,0.3073451659502981,0.9922150186705534,1.0,0.3554509259767464
0.07331749169404013,0.2179847083123138,2.5398291316354744e-46,2.2385287262536484e-60,0.0,1.2070160728047403,0.0,3.848713614629312e-55,1.6294229780043661e-15,0.0,0.0,0.7067479710969896,0.283790196028775,0.0,0.9987240210811859,0.0,0.25581231367609353,0.3535654860495225,0.9976889608496629,0.021741396434786175
0.25222887387435045,0.0056082427270336905,5.02573678126495e-38,0.0,5.5802624087980396e-49,0.0,4.6325271703478777e-29,0.9989126934759807,0.13297498025283722,5.943466975042983e-38,0.42229289156620065,0.9752658199622141,0.9982877143360134,0.5256273559144035,0.0,0.33226632358482333,0.0,0.42759417208138695,0.9583152641619095,0.6970435253573738
3.7481171809853834e-33,6.121139880649618e-17,0.0,2.013319384998547e-40,0.0,0.9996580050527865,2.0396286768685957e-23,0.2837888523198614,0.0,1.897428692766706e-19,0.6466267015009276,0.0,0.9827825942653352,0.5903856566956535,1.0,0.0,0.5797084154533887,0.0,1.0,0.30211268121884566
0.9421361703695906,1.2980218139148303e-38,0.8215104603602573,2.382864738288378e-34,3.384075420460064e-20,0.0,1.031183572157623e-26,5.427178982047941e-41,6.395030279459162e-17,2.769547068918174e-19,0.6478788290662006,0.6841134471704935,0.3930207160333893,0.5460130981019035,0.0,0.6344013543092457,0.4579738649930861,0.992189558430637,0.4163230766619095,1.0
4.3793635965338646e-17,1.517138898530516e-20,0.0,0.7152043940135975,0.0,0.772329685989705,9.476593530592507e-16,8.666220716296731e-23,1.979967040005165e-21,3.725500163433468e-79,0.16350382906620065,0.6177071971704935,0.5986794890970694,0.7040161217158666,0.9935664636150396,0.0,1.0,0.0,0.9192527641619095,0.7293921581698738
1.5718921675313624e-19,0.0025670947225367754,6.889313882485888e-10,6.685385219933346e-29,1.4328959177291948e-25,0.9308885420759825,1.8843089433615786e-114,2.5434027023406876e-06,0.39747687938626963,2.3566896023330078e-23,0.5911656125207062,0.9865015731813473,0.8757980202940366,0.07262753911951986,0.9999824288204574,0.5963572848000576,0.5523262023768533,0.8557090832753806,1.0,0.3895484081698738
0.43674190721863887,0.0,0.0,2.727745189817622e-45,0.17065431119175267,1.5234558768796521e-22,0.9867975191281569,1.9275970924149693e-42,0.0019120950787988968,6.43173486117184e-32,0.4849955087181705,0.9342638237729524,0.38063139339394436,0.996687103343174,0.6069547378305589,0.9857120924914908,0.3597448542492906,0.0,0.0,0.8042006713529366
1.9503058194864068e-17,6.271505276569859e-19,0.31867374483979144,2.353587308536788e-36,3.000841303992376e-11,0.8728582753536047,4.104420366727106e-23,1.1762368487409468e-26,0.36959378015401023,5.646139457035745e-32,0.48479289156620065,0.9858712596704935,0.5483560027689444,0.5949632934144035,0.9974819219138285,0.7902741360848233,0.4433254274930861,1.0,0.9618558611131172,0.4958716503573738
0.004987627553797576,0.009886415882129086,5.753415728361747e-54,3.1751084607474724e-60,4.754907670000101e-30,0.8007938066930572,1.347123370501703e-24,0.0,0.4716865705929498,0.5872571052507377,0.9898006047905443,0.9892364344011491,0.0,0.5758339318251846,0.9999115887509353,0.5301117825691983,0.2646144899930861,0.3056295161518756,0.996475817803246,0.8153296581698738
1.2315328372244253e-65,4.5885435221051643e-66,0.0,2.1463128666253266e-49,3.50519491517011e-33,3.394942160156238e-51,2.2142425100398213e-59,5.724417713924641e-17,0.9348683584377477,0.829771747164189,0.9923106164713191,1.0,1.0,0.5445577351505296,0.6575064284640699,1.0,1.0,0.0,0.9852836512478484,1.0
0.3500196619995417,5.792584938232179e-16,5.17121929929544e-24,0.9798924528533701,1.9564192979006417e-19,3.168421470485767e-42,4.837961892882461e-23,8.33811374494544e-25,5.481005989146843e-22,4.325494074772883e-44,0.36662882906620065,0.6098946971704935,0.5715798797220694,0.5952684691956535,0.3827142949187911,0.646816178165385,0.9975387932015509,0.588482843956387,0.7083152641619095,0.7013210002461128
2.1746836198434226e-36,7.775961261991755e-69,3.551527871313626e-20,0.0005800085173596727,0.7956003445166901,6.972027257132662e-15,0.6232113002834107,4.00099073745448e-25,0.0775819375085815,6.52800189960042e-39,0.4131691855382359,0.9702462596704935,0.5675636274548711,0.9914336943015034,0.7202204377434483,0.9999953578491825,1.0,1.0,0.4715984633004405,0.6166329248494304
2.7050860177143045e-17,1.547417778403843e-33,3.633391961813865e-61,3.403131983935821e-21,0.4417740757586975,7.337584992253429e-23,0.9415492349963822,3.5519920449865033e-25,8.996613343889815e-24,1.793301472327517e-39,0.4077602076044564,0.5853412075898935,0.566725857793174,0.9967301995023925,0.6028958999399339,1.0,0.9099882368028257,0.3625101015552737,0.6848777641619095,0.7000952831698738
0.36332171992655804,0.9814212008239774,0.0,4.690445427707406e-10,1.01879127881369e-39,1.0086285971963267e-30,0.0,0.0,8.085612244466388e-21,2.850694997352153e-08,0.8363553915662006,0.6264962596704935,0.0,0.0,0.4987451278452073,0.4054359039110011,0.8027004274930861,0.0,0.997445090761832,0.7156695985468138
7.62168762028922e-17,0.0,2.3860970017495093e-68,7.6e-322,8.097990965208288e-32,1.2447160480222927,0.0,3.925239307081396e-27,7.694128839510807e-22,0.11481271617623837,0.9720211763002307,0.6108712596704935,0.5407876433939444,0.0,1.0,0.7051833710858114,0.0008871959013632136,0.30408512118171926,0.0,0.0
5.407843696494992e-17,4.227702710940658e-17,1.1210208515749458,0.0,9.270252553822773e-50,6.983611999211112e-13,2.5163924570757548e-26,5.25790719028383e-65,8.431749676707277e-14,6.329332189714799e-32,0.48479289156620065,0.7358712596704935,0.22633451839394436,0.5515062621644035,0.7515942784412941,0.32152413608482333,0.0,1.0,0.9914193456818314,0.847880513359035
0.5104264763848042,6.25075738383743e-39,3.550642765141662e-32,0.0005449169071998602,0.0,0.9088995471746784,1.8773866028982974e-24,1.3219675535071554e-236,1.0754265209214533e-42,5.050138511714798e-38,0.4215910842831602,0.37859440582056325,0.00435582670319031,0.5762274222269758,0.9960661277006285,0.0,0.9296570572429292,0.4858056250258038,0.415832850895102,0.7059546581698738
3.5754534337814174e-17,0.5839158582328859,8.640361494924732e-52,0.0,0.47928976055956646,2.011250846573304e-15,0.6571338787384713,8.947424384189748e-17,0.0,0.3208339015803757,0.9839063497304911,0.0,0.6879396748385459,0.9921731273074329,0.7116910659555589,0.9917685069332985,0.0,0.30884503048774864,1.0,0.7267091479949763
0.17201316722077262,0.0,0.8535128981848209,1.959762871137037e-36,0.5456116199025579,0.15077046208178274,2.704692120131406e-08,4.23591935655627e-48,1.9534190231648284e-21,0.0,0.00030054597964446206,0.6177071971704935,0.3343060100115097,0.8359799966377827,0.9765022438337554,0.989735250548369,0.43808893274704286,0.9986472354998006,0.0,0.30376826431270276
1.0075315165095773,1.178782391302689e-53,7.958297221764502e-28,0.004544024808962235,0.0,6.300975797735103e-45,0.0,0.2284247365636281,1.956734821613354e-22,0.1593159363805002,0.9769803915662006,0.6036881503270188,0.9806652816396252,0.0,0.35974954122884545,0.0,0.9431496161333222,0.5333525997985429,0.2942527641619095,0.7128916077024972
0.001672779499263245,0.005791152865489193,0.0,0.0,8.522810831773701e-38,1.041289882734384,0.6604349536616776,0.20495052196602484,0.0,4.98424581018837e-233,0.004721127134357017,4.848081898708306e-06,0.9777005166098204,0.9898307181464956,0.9999630798456104,0.446213767078081,0.0,0.0,0.9980294319705293,1.0
0.9999140293737512,1.587902853862326e-24,3.3527214011334527e-33,1.0120975522623297e-30,0.01816513033978134,4.257176707834231e-09,7.2050602299711515e-06,1.5677595907689022e-07,5.267929143296042e-22,6.319536485760644e-23,0.5970975790662006,0.6098946971704935,0.8511208953470694,0.8843309691956535,0.8209745132211839,0.9563813138191983,0.4989894899930861,0.47129534395638695,0.5755027641619095,0.4911109081698738
0.15680808324035989,3.895207079420792e-27,0.0,5.505229918509965e-29,1.2401254876142283,8.406927512012254e-11,2.0802207075642935e-26,2.394807876062912e-07,2.21507673299808e-25,0.0,0.0,0.5630196971704935,0.8528298797220694,0.5498583129456535,0.7876188003305589,0.9991657422850857,0.5290453132561979,0.0,0.5520652641619095,1.0
0.11141042046890709,4.78060491801079e-15,1.018591148554525,0.0036162489552903298,2.2571315745583025e-16,7.395726750911394e-39,2.9179655087743704e-23,0.0,1.0679251597097706e-41,1.1660644292984595e-51,0.30803507906620065,0.3874524036883335,0.0,0.5923573108677377,0.4136402194961123,0.6941742825691983,0.9408395024481404,0.9992814753077908,0.7317527641619095,0.6570741312644244
0.7705375225014558,0.0001366375435774744,0.0,0.0,0.7552661888070925,4.21896717277796e-15,1.0788501861300608e-25,8.48207689745403e-34,0.0,1.4534770371616064e-30,0.5004178915662006,0.0,0.4645086107265135,0.5598070434144035,0.7144318514956053,0.9929651398390426,0.0,0.0,0.9131172846106528,0.7809985724054739
3.6529107536874994e-17,0.5965655985433185,9.397195137786263e-53,1.7105677546343495e-58,2.561673667881865e-28,0.9235052537291996,1.849327529681367e-24,1.6350023565527537e-21,7.248350538236819e-41,1.068957094912339e-18,0.6575317330634496,0.39466581114557686,0.6162576140970694,0.5758339318251846,0.9954669660723443,0.5301117825691983,0.2646144899930861,0.3020036567981509,1.0,0.8153296581698738
6.858741306966299e-17,1.1201174594571466,1.2751758749469506e-15,3.240148422569783e-77,7.492359979215984e-29,2.103222687139668e-23,9.522872965146415e-28,1.6598983726085268e-71,5.670860194010199e-62,6.51791511611428e-25,0.5697538290662006,0.2427071971704935,0.19487089534706936,0.5337450316956535,0.5898954116586839,0.5203461575691983,0.17086448999308612,0.705670343956387,1.0,0.8465796581698738
3.094572113301401e-33,5.0538197878048796e-17,4.9137154663078546e-37,1.165719633801873e-49,1.771234813748742e-39,0.8253514060255652,2.250892556588641e-30,1.2524041809395937e-25,1.0001596816202194e-69,0.6599919159068537,0.9915823691361842,0.2036446971704935,0.5621469482867394,0.5039598754456535,1.0,0.5935883450691983,0.4695356204805389,0.6279379108568641,1.0,0.7382957725571162
0.695545611954156,4.3228952476385786e-38,0.11371656684776377,2.015826633453705e-33,0.4562250985989814,1.1694570298918312e-16,0.0,3.0600825822748156e-13,0.5886656081694727,7.140764133257177e-28,0.53268128891258,0.9906102189217647,0.7475764797759629,0.0,0.6910001479868089,0.9899919628798743,0.47054676929446027,0.9775422300102259,0.4226426222178767,0.3407202831698738
2.2535995248446775e-33,0.0,3.680407324648578e-17,4.8010405067066853e-48,2.1345942338043743e-18,1.2307224628920707e-189,0.6020662172369404,0.7984994693484937,1.2677949681332275e-15,0.0,0.0,0.7064299551773829,0.9947157791716101,1.0,0.018761784847888097,0.9675382275852964,0.4888697848906515,1.0,0.0,0.4934757883228476
3.2316102772379116e-18,2.889880303572835e-61,0.0,0.0,0.05277620093381838,1.0396824636633,2.3899567995726723e-24,2.329797503575354e-20,2.013333887078783e-11,2.4844404925798096e-19,0.6483604154264395,0.7778634471704935,0.6331948699564444,0.5776278261167477,0.9996718433885203,1.0,0.0,0.0,0.3694480766619095,0.7025366894198738
6.092922337772415e-17,0.99504973058592,1.1186353278140176e-14,8.849078697116861e-56,1.0688188629777637e-27,0.1782981755245561,3.740451239508114e-08,4.231593812344314e-61,1.941548971282346e-63,9.371736041261686e-35,0.4546842696539455,0.2348946971704935,0.24788872218396002,0.8389208129456535,0.9784214753993905,0.5349945950691983,0.2802394899930861,0.7220166931895334,1.0,0.6043921581698738
1.1613074237544256e-65,7.199406522594344e-66,2.231441092241106e-49,3.64421985799452e-33,3.0135780612647073e-82,5.951462675657615e-17,0.9719476145777305,3.399815885615796e-32,3.891578457156924e-14,0.24344486377546584,0.9816076570916368,0.7312462140010766,0.48247734613642956,1.0,1.0,0.32152413608482333,1.0,1.0,0.9896493804952884,0.4555946003794541
0.026722113242554142,0.05323307158501393,0.057221884512337395,1.030319756447404,6.981673610567593e-08,2.678652772170912e-45,0.0,2.162304409001451e-15,1.8738027857543906e-09,0.0,0.0,0.8139962596704935,0.7099770965189444,0.0,0.3565942489389573,0.8439850735848233,0.999477448783691,0.992835723655007,0.9964938838578616,0.6833716503573738
5.13720709789336e-17,0.8389695872263062,0.3398193924843243,0.0,2.1395920600386534e-182,3.388859613750139e-45,0.4790806481096404,9.967785491935945e-45,0.0,1.5484509008224222e-233,0.0046755658370097875,0.0,0.36134428401894436,0.9883532209307498,0.3579084872796142,0.015197591652259201,0.0,0.9860335241558628,1.0,0.34462520863840806
1.6853741658043366e-17,0.275242489014426,0.19245512711950433,0.545835884552434,1.5420849615049695e-28,0.9921140647525661,4.15280461957681e-24,1.75646952444434e-21,3.9764159365804276e-14,0.4092376643731146,0.9846236942660854,0.7299797454876464,0.6162576140970694,0.5800952468579744,0.9954669660723443,0.5270503181547641,0.9956837161630768,0.9905890906543453,1.0,0.0
1.0056945458862527e-18,1.1572952781313548e-51,3.5108709371578383e-19,1.823584299031808e-49,1.908689991846571e-31,2.8231510553920807e-18,3.0227120464270095e-48,0.04927832215708562,1.2344137947590474,0.19051044662682023,0.9769803915662006,0.9997427450037448,1.0,0.49893779260881466,0.9973937639028125,0.7422868744553313,0.4902004274930861,0.9846922951628444,0.46628192644677474,1.0
0.8090509205291865,0.20578912571177327,0.0,7.424076111167284e-56,0.9303695199917396,1.5563910831375858e-21,0.0,3.3509432493075776e-38,2.400773252956967e-63,4.099977153988418e-26,0.553601827962071,0.2348946971704935,0.419103581174071,0.0,0.6151639663461839,0.9937540286122802,0.2802394899930861,0.0,0.9817527641619095,1.0
0.5995423917631615,1.1811737142889937e-43,0.6907224193597061,6.755066089797112e-36,0.00479546496773384,0.8247214186350377,9.455179785224768e-13,0.0,7.612797884153174e-22,0.18991854912238942,0.9769803915662006,0.6108712596704935,0.0,0.7531664184144035,0.9924171491074367,0.9445710110848233,0.4433254274930861,0.9939471159685973,0.3723777641619095,0.0038988297961754514
1.1746753080780252,0.0,7.374659108967618e-25,4.8674879288770075e-136,0.26568907014784326,0.0008795630367378023,4.830990182725362e-184,9.768964369868257e-90,0.0,2.7802359345062446e-81,0.15547912886273774,0.0,0.12797636409706936,0.014590549343804438,0.9261342644452364,0.9806429112681636,0.044077065367542356,0.5701866467737179,0.0,0.9520484081698738
3.36194706960359e-17,6.199513584259503e-17,2.4785699922985515e-52,1.1517479252861693,0.0002920255184406443,1.3285827442401151e-34,2.6011688011720233e-19,3.289011784422945e-33,6.812693822412608e-34,1.8860917681101997e-31,0.4899828222955712,0.46318919024343314,0.47053927717327015,0.6480028441956535,0.45567910306493387,0.9163880870835506,1.0,0.44004534395638695,0.9962042722377749,0.8895484081698738
2.557746480399391e-17,1.9210731746417347e-47,0.4177116997619548,9.820478365589245e-30,0.0,0.9106568984160814,1.467595680210755e-23,0.0,1.0000481993862789e-31,8.722482372246404e-24,0.5853788290662006,0.48756308902188955,0.0,0.5884325316956535,0.9968060307229694,0.0,0.5149337545024775,1.0,0.497502955798215,0.5434481712789315
2.9549601950393746e-17,6.908909567740125e-25,2.4029318778773868e-281,4.67950367015739e-44,0.48258162224352913,4.27332920530312e-20,8.459591308745584e-15,1.1524936471537146,1.1713839538801713e-18,0.03705902242549095,0.9610794188617986,0.6572923887014955,0.9970946971163878,0.7252313799449254,0.6419641219858323,1.0,0.5370754274930861,0.0022758346191775747,0.8350786490460265,0.0
5.785114869428019e-17,2.8990204942095265e-18,6.823836141764688e-35,1.6635682004634345e-47,0.9459664719678249,0.36950497221857176,0.0,3.3793974556978074e-23,3.2943275081126893e-10,1.7338653410872183e-59,0.25725382906620065,0.8001093798484256,0.5932805172464694,0.0,0.9857090384916136,1.0,0.49274320196172317,0.658795343956387,0.9661277641619095,0.3752121733793585
0.7367050119323232,1.5088948304608467e-67,0.0,0.0001873597574672,5.982578505711074e-41,0.03388489517007994,0.6970177251243058,1.2916824385648781e-26,0.0,7.086506671637184e-39,0.41350382906620065,0.0,0.5483865203470694,0.9927294066956535,0.9653012454563084,0.3954893098286295,0.9164159260976157,0.0,0.21436429732711415,0.37855317583375486
0.8179644079727905,0.0021308817678113924,1.4555925107798826e-30,1.6704142701472536e-37,3.6785761743627706e-35,1.4422044088909216e-46,0.45049667707205515,4.2764812632911496e-23,0.37142622684611065,6.075033700620185e-10,0.8051053915662006,0.9858712596704935,0.5951782344834199,0.9886853660645873,0.3471376432036246,0.45140694858482333,0.4277004274930861,0.501812922081387,0.9379874784875994,0.4294654003573738
1.5947872251908117e-17,0.2604485189200943,0.980581866835433,8.116028194668793e-36,8.355844131328987e-31,0.0,4.5101803436488764e-32,2.093627617791687e-31,0.0,2.323489516186956e-31,0.49162882906620065,0.0,0.49111695666449096,0.48363516841440346,0.0,0.4979615820836726,0.4436795075955207,0.9981951119085477,1.0,0.3792489577044
4.5007034326285634e-17,3.957036312494846e-164,0.7350206501600508,0.9465744747024106,3.2418297456404703e-21,0.006068704061148453,0.35525283744281383,4.3413952853306406e-35,1.4964836450623028e-28,0.0,0.0,0.5233839745100393,0.45024198909706936,0.9831852476324815,0.9442425359624812,0.6199555325691983,0.994561906079534,1.0,0.03368834667591297,0.0
1.3169269869575134e-33,2.150704983468555e-17,1.8623056531850052e-41,1.4428642742465787e-49,6.905651485162958e-58,9.983104269785177e-19,5.1305827660768806e-42,0.3516149649169692,0.9414573425577638,5.749794120314784e-38,0.42229289156620065,0.9974214320461586,1.0,0.5646898559144035,0.9653894149545823,0.39183663608482333,0.4745754274930861,0.5720230146195886,1.0,0.4294654003573738
0.21170450694193613,0.12454257560156984,0.32341472032377394,0.0,1.1613104377400427,0.2209305485260586,2.2608452018368933e-222,0.0110012365168324,0.0,1.1740565579560483e-34,0.45474359550828997,0.0,0.9494763950058919,0.006034101032931061,0.9784424886938217,0.9975928251792797,0.0,0.9946783346162629,0.9892270095980207,1.0
1.5403973247324122e-17,7.476721208826289e-19,3.2564140538228606e-247,8.34622876655999e-18,0.2863797910099044,5.9810818573806426e-46,0.4896634912811783,0.14944160434614204,1.1038040983335322,2.134099475752884e-59,0.25725382906620065,0.9962820595658675,0.9820828428199886,0.9959000928779523,0.35582558743993387,1.0,0.9885395852313923,0.005026720757345726,0.965819964568377,0.0
1.25,6.823626133174766e-16,1.308169180207409e-45,2.9018124847005145e-179,2.05162911846671e-23,0.0,1.1823664517011218e-198,1.2226800287955444e-64,8.326637525680126e-19,5.853229662863902e-31,0.4951578365539313,0.6550499196323151,0.22800419065318156,0.010418308710150204,0.0,0.5891022610848233,0.01628157426659571,0.35337542208138695,0.7005027641619095,1.0
1.2928565228258236e-33,3.843870616768091e-33,4.5928095721510785e-85,6.623081579454017e-17,1.3607127068364963e-40,1.0816313052980278,0.0,0.5829702454281634,1.6294229780043661e-15,0.0,0.0,0.7067479710969896,0.9885053869952647,0.0,1.0,0.5769867825691983,1.0,0.30100878865020747,0.9976889608496629,0.021741396434786175
1.2415571028505153e-65,9.706150221965118e-66,2.5736901412636753e-49,0.0,2.1283063175210707e-98,4.2031549717936284e-33,0.0,4.5693547661823704e-98,6.864272988293487e-17,1.1210208515749458,1.0,1.0,0.223049675618064,0.0,1.0,0.32152413608482333,0.0,1.0,0.9914193456818314,0.847880513359035
6.471861620484956e-17,1.439001423823278e-18,1.0571964452507283,9.40175576634468e-56,3.705203642832787e-23,5.0181229226979715e-24,2.8831787188996758e-30,1.3578455811462372e-58,1.2811091764945078e-69,7.45733164768526e-37,0.43303507906620065,0.2036446971704935,0.26249784847206936,0.5039598754456535,0.5818387710336839,0.5935883450691983,0.2802394899930861,1.0,0.9583152641619095,0.7391577831698738
1.016910744784667,4.363549196955368e-14,0.02579053854865682,0.011816240866438451,1.5063894391373347e-32,1.1371011323130915e-39,3.135983461605576e-23,6.517802664438832e-50,1.3985852754710681e-30,1.1576821046121027e-51,0.30803507906620065,0.5005196971704935,0.32070467860838814,0.5928270629456535,0.40599648587743387,0.47834766268128737,0.9521144899930861,0.959576593956387,0.7317527641619095,0.6315536545474715
2.186055255831207e-17,2.2087161558096617e-17,8.341442563689227e-65,1.4140733930947085e-17,2.5983753673497995e-38,0.5575837225372742,4.958277993186583e-24,0.8666594417475773,1.9384201614355404e-21,1.6025046661233687e-20,0.6308936778147561,0.6177071971704935,0.9954853426623358,0.5855028441956535,1.0,0.6121430325691983,0.9870596931220186,0.3329100777665482,0.9931574828598506,0.6747368500756241
1.999224623952658e-17,1.3498518865699006e-17,7.176981360471199e-53,6.722395742599168e-43,2.1033210887393394e-49,4.22999907384692e-33,0.3939519850593027,8.24757772425119e-06,0.9233493110377746,9.483900864191261e-12,0.7723103581565088,0.9970374258317118,0.8938149871439444,1.0,0.6925927840952073,0.47582101108482333,0.5527004274930861,0.43931292208138695,0.9903205201680569,0.5622779003573738
5.264443415999395e-66,8.597488548803957e-50,0.0,0.0,1.4040764332687374e-33,2.2930308301892595e-17,2.6900872797969897e-17,0.0,0.5772708485410154,0.8625027538509787,0.9953031512826658,1.0,0.0,0.9940506483300826,1.0,1.0,0.0,0.0,1.0,0.6945755388168019
0.2650694166879304,1.591473230966501e-191,4.491832665734605e-162,0.0,0.0,1.1978781154144325,0.1465965688581174,3.3661906293288704e-192,2.8208591940267946e-186,0.0,0.0,0.013855554071514509,0.01208903042259915,0.9745218110428675,0.998508700238624,0.0,0.0,0.024565716789626435,0.012468758068178765,0.014631493707052023
3.528302345205013e-17,2.6500386333599685e-47,0.5762155010998362,1.3546931689231804e-29,1.3907022893900057e-174,0.8196064586391957,1.467595680210755e-23,0.0,1.0000481993862789e-31,2.0943439406550885e-24,0.5770867336325374,0.48756308902188955,0.0,0.5884325316956535,0.9950676519565653,0.018275332766381436,0.5149337545024775,1.0,0.497502955798215,0.5434481712789315
5.70028243487288e-17,0.9309267682472429,4.547792106007953e-23,6.875424983709846e-36,8.766217934122209e-11,0.0,1.115846088614502e-20,1.1784077609334123e-26,0.370275917977234,5.656560209455431e-32,0.48479289156620065,0.9858712596704935,0.5483560027689444,0.62925357123394,0.0,0.7902741360848233,0.4433254274930861,0.595562922081387,1.0,0.5431592027228156
0.437820957952116,2.6822761391819176e-41,0.004901920202296151,0.0,0.21548743647666158,0.872932977282671,2.132758360359923e-24,3.375990954817785e-235,1.3749012445833469e-30,3.0232668765447037e-27,0.5405591499094243,0.5005196971704935,0.004501139478828686,0.5772020629456535,0.9960843657082671,0.9877368904217267,0.0,0.951764093956387,0.39437635670883486,0.4911109081698738
1.5516344703629172e-34,3.4625987245150126e-33,5.660527621497343e-17,0.9244343145204679,2.5006329003645714e-21,0.29726577120739284,0.2932709902623872,1.1049870469309478e-07,1.354873672256126e-28,0.0,0.0,0.5239571971704935,0.8480283947948131,0.98335869186962,0.9839388488444951,0.6199555325691983,1.0,1.0,0.9997108124920635,0.3801104329323522
3.840396545192517e-33,3.059404707294142e-86,1.3395482971306902e-43,0.0,0.0,0.0,1.8709243311318658e-63,1.5025837626731432e-37,6.2718435238729e-17,1.0242697777415664,1.0,1.0,0.8994218367371785,0.49535391841440346,0.0,0.0,0.0,0.7824644663765323,0.2931240211777615,0.3442123954174582
6.617386646583273e-17,1.0807012521799029,3.6039782543675338e-06,3.750402910214242e-12,3.758991720963306e-17,2.065810816647671e-35,2.389219977557051e-21,1.1416834571423008e-40,3.9590655994134805e-37,4.492485762918885e-44,0.36662882906620065,0.4302071971704935,0.39653105159706936,0.6187059691956535,0.44756142728368387,0.6814789700691983,0.7646144899930861,0.877545343956387,1.0,0.7840796581698738
7.654042494651014e-17,4.355400589684802e-34,1.747259438288539e-22,2.2919406444507378e-54,1.25,0.0,1.2876710937536199e-18,5.739601018580349e-25,5.024004258304986e-11,0.0,0.0,0.7835743319442717,0.5684058226820332,0.6579119133058066,0.0,1.0,0.4195675832192167,0.8742254926665246,0.6692527641619095,0.0
2.8327552573710257e-49,4.6262404137148774e-33,8.22923820161649e-59,1.3265092214854422e-90,3.112214825763847e-58,3.195557521880327e-52,7.555223950180323e-17,1.2338617069738906,4.52015710043202e-37,0.20021310662261121,0.9774698550722086,0.4302071971704935,1.0,1.0,0.6403714858774339,0.5575928740637621,0.2646144899930861,0.550224742171502,1.0,0.0
1.7572495356952679e-65,2.2099400447614124e-103,2.869806277073085e-49,9.758466172648258e-80,2.891140815989556e-66,1.3169214233031801e-70,1.527817098975878e-96,4.686749320818306e-33,7.654042494670958e-17,1.25,1.0,1.0,1.0,0.33519766841440346,0.6090541041266017,0.6730866360848233,0.4935760647139773,1.0,0.4159434328227881,1.0
1.74221978533177e-17,5.787949851937873e-17,8.195528439078841e-69,2.9386525043032802e-18,0.98830381061679,0.1716494176161033,8.485859900880737e-35,0.014898679483597382,7.771304403807853e-48,5.375238768731431e-19,0.6536253105015883,0.3364571971704935,0.9544573374479912,0.45426818431097327,0.9781224162029492,1.0,0.965835754480826,0.301551146557072,0.9979425022272475,0.4433448482395743
5.4435300221957804e-17,3.944015190412667e-18,8.463144405365634e-51,3.7491345049998575e-32,2.1898050043509414e-38,6.295767842942704e-51,1.2326183644550592e-35,4.426570931239793e-17,2.8579001585364885e-50,1.147635382609148,1.0,0.4614571971704935,0.9916835510202644,0.6480028441956535,0.45567910306493387,0.6082367825691983,0.7021144899930861,0.45702919455547747,0.9696875030533978,0.8842335001130797
1.2355825869010475,0.0,2.093802557233192e-161,0.0,0.0,2.4355482704285164e-14,1.5582207738641996e-39,5.027387623536485e-199,0.0,0.0,0.0,0.0,0.010330789373853844,0.40648673091440346,0.726082635938813,0.0,0.0,0.024565716789626435,0.0,0.014631493707052023
2.169765621658417e-18,4.8420087446843775e-17,0.7915535822493127,0.16717445365226802,2.1884173977418565e-21,0.6091614185083335,0.3001932090451079,3.66853475912489e-35,1.4108285066119765e-28,0.0,0.0,0.5239571971704935,0.45024198909706936,0.9831852476324815,0.9911447247892679,0.6199555325691983,0.9799915713740808,1.0,0.9997108124920635,0.7372046581698738
6.03004360812892e-17,4.714121402158878e-17,1.25,0.0,1.6817811775674618e-50,7.787112065533492e-13,2.805916203008648e-26,7.222406578232372e-65,9.401865345391807e-14,2.844028085642175e-24,0.577575868602437,0.7358712596704935,0.22680703460613227,0.5515062621644035,0.7515942784412941,0.3157383942706329,0.0,1.0,0.9914193456818314,1.0
1.1095448022768686e-17,2.784420570778574e-44,9.607601105800211e-42,7.443710635288461e-50,3.5626130829626755e-58,5.150265395890877e-19,0.0,0.18139752300996645,0.9884684871331694,5.749794120314784e-38,0.42229289156620065,0.9987729413383073,1.0,0.0,0.9653894149545823,0.39183663608482333,0.4745754274930861,0.5720230146195886,0.5395537323828777,0.4294654003573738
1.1546547566042514e-17,0.0,1.3602669264427735e-35,0.1885694320040957,0.0,0.0,0.2589942964988865,0.34596809899278375,0.8872350134158637,1.715383898156412e-59,0.25725382906620065,0.9962820595658675,0.9935666385344424,0.9948941251636767,0.0,0.0,1.0,0.658795343956387,0.0,0.43110211317157254
0.212978486591439,3.382182235023084e-25,7.141189232271776e-34,1.8621231937343395e-67,0.00013367462286190902,6.578867927729354e-10,0.3209529462527165,6.038362023898261e-08,2.0289885943459466e-22,0.9228554015755814,0.9971043770860903,0.6098946971704935,0.8511208953470694,0.9953432273379648,0.8183459825185434,0.9247320989756572,0.21749813030942797,0.47129534395638695,0.5755027641619095,0.49595405899387274
0.48294383034963173,0.3705862917270833,7.83626460784752e-46,3.9603374540766356e-24,1.396515981419524e-34,1.91665174197481e-22,5.396023553411478e-35,0.7972810210943087,7.770516964332804e-48,0.0,0.0,0.3364571971704935,0.9946505266836116,0.45448043767354185,0.6067641152997386,0.45882272006919833,0.5836759220710648,0.35410784395638695,0.9912837297203683,0.44424917551272936
0.7853123873025696,4.492302062688432e-17,1.0548084966070633e-44,0.0,0.0,1.4410342921072667e-22,0.0,0.6813866077040719,8.993801497881955e-24,4.2323013744940695e-06,0.8792966773685096,0.5853412075898935,0.9921556108247132,0.0,0.6034970060573178,0.0,0.0,0.3625101015552737,0.6848777641619095,0.6992813681692822
3.55168722453279e-33,5.800345417153114e-17,4.0348523134232986e-48,0.9472682933873734,0.005717841131154841,0.4350677627900626,9.960319257473891e-27,0.0,4.636737105844254e-43,3.4953581708562894e-23,0.5933258934561905,0.3754226835714618,0.0,0.5468158790772033,0.98714049087326,0.945902425990047,1.0,0.4858056250258038,1.0,0.7059546581698738
5.128398389983817e-17,0.8375310160536749,0.014428070735970624,0.0,4.079436524453608e-31,5.959369411673105e-38,0.0,0.9056217034798144,0.20170016883794573,1.5283782463101143e-36,0.4354236455497109,0.9775428252935111,0.9935735069889836,0.0,0.4232141219858323,0.49535226108482333,0.0,0.9558735520003548,1.0,1.0
3.917028004446285e-33,0.0,6.396992189378149e-17,1.9898627377020067e-19,1.0447131601234652,1.5034292858447668e-51,0.0,5.931805737697701e-49,1.965092935201346e-21,0.0,0.00030054597964446206,0.6177071971704935,0.3277786783555928,6.48486912748214e-05,0.30875902484964424,1.0,0.9396524711155647,1.0,0.0,0.7114548654523354
7.192811780375923e-17,1.1746753080780252,7.374659108967618e-25,0.0,0.26568907014784326,0.0008795630367378023,0.0,9.768964369868257e-90,0.0,0.0,0.0,0.0,0.12797636409706936,0.0,0.9261342644452364,0.9806429112681636,0.0,0.5701866467737179,1.0,0.9520484081698738
1.6107456018843792e-65,8.152578068838783e-108,2.604240365079945e-108,2.7574992101328805e-96,7.120928966952744e-83,2.6305471961480535e-49,4.296009589017083e-33,7.015916086186045e-17,1.1457860488543796,0.4996742241207456,0.9866876118955743,1.0,1.0,1.0,1.0,0.6675655216970104,0.4902004274930861,0.37164247388377336,0.37590792466940587,1.0
1.9356370753181505e-17,0.31611352377939766,3.6079669561837455e-45,9.144172575643856e-78,1.0025683668497184e-30,0.982290019071534,1.7673423372034224e-22,9.44461798847952e-56,5.754019310631043e-44,2.470888644446857e-16,0.6947538290662006,0.3677071971704935,0.28032011409706936,0.6030809691956535,0.9977933608774339,0.5047211575691983,0.17086448999308612,0.36192034395638695,1.0,0.6786109081698738
4.473393916552761e-17,0.7305606677235121,0.6861561938552351,2.8738451296966627e-58,0.4419148793606771,7.566170484997914e-20,1.8117911814875717e-24,1.6289485885749086e-21,0.0,2.6303946327635407e-18,0.6635038290662006,0.0,0.6162576140970694,0.5757372191956535,0.6403714858774339,0.9867841434596433,0.2646144899930861,0.9926882701983268,1.0,0.8088074285241948
7.37450316710516e-17,1.2043477633289168,3.241965538936513e-60,9.782972984882886e-112,1.6701760650899924e-35,8.691097836846295e-23,2.5480288324173284e-25,9.768964369868257e-90,6.097296076535678e-62,2.9654353228256836e-17,0.6791288290662006,0.2427071971704935,0.12797636409706936,0.5640184691956535,0.5978910171274339,0.44612740756919833,0.07711448999308612,0.25254534395638695,1.0,0.9520484081698738
3.7514982829416846e-33,4.1765896279538316e-66,6.126661639182209e-17,3.0270218602842676e-55,4.2429780529200365e-51,2.3407064283886156e-50,0.0,0.0,0.0,1.0005597766552494,1.0,0.0,0.0,0.0,0.4611689210247744,0.45336007358482333,0.4120754274930861,1.0,0.4661277641619095,0.4763404003573738
1.052853939314743,0.11845201519194713,2.419349978660429e-11,3.223683512313858e-50,5.593212079063055e-41,9.195301872550333e-23,9.22698723431419e-29,9.507418644992622e-54,1.0394259313865908e-15,7.911419747738248e-47,0.34416789156620065,0.7046212596704935,0.29347319026894436,0.5217211059144035,0.5989953719858323,0.39378976108482333,0.3183254274930861,0.779156672081387,0.9739402641619095,0.7439185253573738
0.9476573716139662,2.872708001500134e-48,6.2376363780393584e-27,1.6223321986072936e-31,0.005542816521299271,0.0,0.0,2.6562952712833645e-23,9.959471021518747e-18,0.33450298848834253,0.9847928915662006,0.6733712596704935,0.5922635111919442,0.0,0.0,0.9456045282885519,0.4902004274930861,0.544781672081387,0.3333152641619095,0.5705432563307793
5.615615383724432e-17,0.0,6.3849623927866855e-56,0.9170995894708976,2.347601856190112e-31,1.5232437921004366e-22,0.4581800437946874,2.931658490758171e-25,0.0,0.10451504358244718,0.9729882505104823,0.0,0.5657205047220694,0.9878651366218578,0.6028958999399339,0.4921765080704457,1.0,0.4060657977405217,0.0,0.32536618492705405
0.4415832220401919,0.8142903879631997,7.249173456913277e-36,0.8321106777191872,0.0003312235317526824,8.818190017047608e-13,2.812180349181513e-19,3.572413259597626e-23,7.365351946304547e-34,0.10966828347353312,0.9715744801447488,0.46318919024343314,0.5924014287820026,0.6480028441956535,0.7525585165022624,0.9168276285559002,0.9923918040085036,0.44358217523383053,0.9962042722377749,0.0
