obj_0,obj_1,obj_2,obj_3,obj_4,obj_5,obj_6,obj_7,obj_8,obj_9,var_0,var_1,var_2,var_3,var_4,var_5,var_6,var_7,var_8,var_9
2.3205179777914166e-17,4.3629454181856423e-17,0.8070358569053694,0.40542743964586275,0.003027972878449779,0.02842729831919895,0.46411689469564504,0.4722812911605669,0.22424612006443734,0.009757828210574832,0.005437236326883088,0.12577358517299905,0.2770538348028154,0.30207107414058704,0.020031361133362346,0.002134376481348066,0.29637112897911594,1.0,0.6888094080144446,0.8775061901540104
4.386158123417193e-17,0.7163139815448841,0.0,0.2798399138094037,0.15002254567314507,0.0,0.7158983448031057,0.4427479575571713,0.0,0.48993973533419066,0.2564,0.0,0.2516,0.4713038102826272,0.0,0.12265061769653385,0.23709916521712532,0.0,1.0,1.0
0.015590270741261186,0.08699717893011837,0.00025190396201415447,0.060081012931235696,0.0932895183384894,1.1185761168028479,0.01675472188959301,0.3874892797464081,0.0,0.07402727522949996,0.03947306537062091,0.0,0.21070964433916417,0.009459214453858802,0.9196913034863263,0.45687031755159035,0.38007736097779987,0.0018144495645775749,0.8871132276027782,0.05878144474323088
0.025850940601599714,0.02900779680507711,0.0,0.07766032671609405,0.5514617791564137,0.475870351137956,0.5105461842915882,0.02057975048071378,0.17476898522535647,0.6377028316081496,0.3888362135564351,0.12290731045145727,0.014656662147325722,0.38708306588133706,0.44938876663489624,0.9005686831909603,0.7046688625067019,0.0,0.5365940452086715,0.16543706555494203
2.8892456885970684e-33,3.312282835876464e-33,7.178124650527445e-17,1.1722767177483557,0.40416227949839617,0.0,0.011998877312575065,0.04896180902524236,0.1495641429305252,0.0030796437249149254,0.0015684512564270933,0.07635555923172381,0.025123079693357725,0.006160108213552035,0.0,0.21136112736226798,1.0,1.0,0.5433598334014768,0.0
1.0076535644091171,0.4226925425689902,0.10166781584145408,0.0,0.44808706140248067,0.3876791081396813,0.01560244870308297,0.08200061421236163,0.00918265708635014,0.0,0.0,0.004676730915612243,0.041793711064777105,0.00796383884632526,0.2012243729065007,0.24678140405682042,0.0,0.05906179491898332,0.2528574745182742,0.0
0.0002495921985892788,0.23248357111453913,0.49860288298880323,0.7250973657460541,0.0053368778798195465,0.0038620462925400482,0.4296647194473989,0.057936918841428556,0.5168903035087217,0.21045661197125876,0.11692423798095089,0.3016,0.03660460933591589,0.28077681647636976,0.0027012346853758362,0.0037328213261740156,0.5868,0.7222417689229619,0.9993165311989941,0.10968595400964393
1.983657674771839e-17,4.869667895167833e-17,1.2851912461405658e-18,2.0499528372811365e-20,3.5647547558076437e-19,0.8590038669745128,0.00047674148612456403,0.1462728275215284,0.7707056604908344,0.40890745666154726,0.21518753217736636,0.46102243847917884,0.10737491367326293,0.00035331974264834944,1.0,0.004314566128941114,0.00024811784616698973,0.015556974451641198,0.7537387863688922,0.017220668076266876
0.1919936372309519,0.2196000740004925,0.0,0.5830139319956891,0.2362200857006988,0.6641379619279276,0.6759880624863172,0.02703877796143993,0.2265324728425143,0.22176953127077167,0.11670177461471995,0.1212941967041822,0.014656662147325722,0.3905277892991942,0.48628382063074344,0.22131032116484392,0.7046688625067019,0.0,0.5426355397597371,0.9653784294457046
0.5329629014949099,0.18885769227909913,0.21904939154465972,0.1859768444627185,0.5735406119344278,0.020093791242857123,0.05834973506428223,0.0,0.5888772111089833,0.6696409172322139,0.3641582375208431,0.3831511846847782,0.0,0.04336089011737643,0.014956619642065815,0.4680219548695523,0.18945253397638076,0.2352928695099373,0.2168,0.9868556486090532
0.037733337558381146,0.043158949638202965,0.0,0.11458224248738731,0.8136423058432927,0.10076895305645524,0.5775230222023277,0.023279943334645458,0.4512058692365968,0.1007385708570715,0.05775551324765249,0.2671715457736916,0.014656662147325722,0.3870753660583928,0.0775,0.9005686831909603,0.7046688625067019,0.0,0.5426355397597371,0.16543706555494203
6.707241664555648e-17,2.6169755830317765e-18,2.772174961677037e-21,1.126503338496332e-18,0.0,1.0963635059236299,0.0,0.07697387242284878,0.08149021964469971,0.5897582900108306,0.3128075420024846,0.04711610139746736,0.04462280130917068,0.0,1.0,0.0,0.010683106607051879,2.6292173201257398e-05,0.024826506029807884,4.26382687034717e-05
0.5941561048243857,0.266148489237031,0.27942222699903446,0.00925459859935445,0.0039085303233638196,0.0,0.6525811057706773,0.35291169459407856,0.7038860575411411,0.12083647561966057,0.06163776720074715,0.3828331348003608,0.22356851422997798,0.4738401283013839,0.0,0.003511795025354661,0.008315531542787413,0.25809575839878274,0.2681077045565158,1.0
0.061435088822094024,0.9434309271059561,0.06424399729454304,0.00703192116043619,0.0,0.530000572002009,0.0,0.10065708867440294,0.32045728186928324,0.26790392678418823,0.14737225573103113,0.18196710576607777,0.05884966290745586,0.0,0.3246415077150979,0.0,0.004724075264890194,0.04319332070585387,0.9586025337821282,0.09049464481186209
0.49708748434839406,0.1992536799563474,0.23705940629319003,0.4004380531482967,0.0,0.24128796056318497,0.5165359031285194,0.0,0.6882919242868928,0.5102736670010227,0.2677,0.4122,0.0,0.3842,0.2087,0.0,0.3818,0.2653,0.2427,1.0
0.20353348114851855,0.0,0.08720512877994425,0.597029548048683,0.0035126544235085013,0.9839891285601826,0.050646142537342585,0.426236983719788,0.005041960513857765,0.03363324326654879,0.017149893514665254,0.0025715701471352714,0.2218600709057581,0.027492042491363042,0.6343497324242703,0.003511795025354661,0.7739,0.2577,0.0,0.9986460162057944
0.23038161528180104,0.08789482179621312,0.0,0.4928406856332383,0.19968454029660399,0.5614174731488948,0.5714347495183086,0.1896153989059811,0.19490620554827956,0.6452671431063608,0.35651396770718646,0.1212941967041822,0.12016275963757536,0.3905277892991942,0.48628382063074344,0.22131032116484392,0.7046688625067019,0.0,0.23203080504025606,0.9634063123721063
1.9163067543254572e-33,3.1295664279033995e-17,0.0,4.130266508432979e-17,4.6154686758064667e-17,1.133296686091617,0.3858039179857288,0.21525428741475555,0.004572243758279095,0.0008507424698134605,0.00044525794349869335,0.002393007345237258,0.11325614682468652,0.20888801096728604,1.0,0.46322792050305006,0.5872025688314977,0.0,1.0,0.0348414158262611
2.7778115586394447e-17,0.4536510544221346,0.0008569391522618102,0.8926769430393041,0.362832710138753,0.13029932293614274,0.0035309877854804352,0.024707445795012967,0.4258471869911985,0.1071847513384236,0.05892666720219225,0.24046510953464378,0.014656662147325722,0.0020949852310964967,0.0775,0.22131032116484392,0.7006739688632581,0.0012025625287286346,1.0,0.1004556378019178
0.13046915164895856,0.09816403355120543,0.3281550990293886,0.3056146784331786,0.40539041059051084,0.3792653904495856,0.044872738321784386,1.0120905327270011,0.015015995703227354,0.002368901318514819,0.0012064722566949987,0.007647781492900407,0.60077539318666,0.03897323103222598,0.3467,0.4483,0.4424615376186123,0.7060811975154988,0.41063927236265413,0.0
0.6572593361184715,0.024030483571422772,0.6697582842142438,0.03233201382479584,0.824559371908098,6.377166908130053e-05,0.0,0.003740919667205304,0.019900329479904656,0.0017329429265132371,0.000882580867839336,0.010135592502606835,0.0019054809096686817,0.0,3.248293782113598e-05,0.4586626952504123,0.021918857449488488,0.5057834610341572,0.02326550407652613,0.0
0.2802199610674712,0.0008315043070923117,0.4082300251157262,0.25014105357158567,0.05842391955465392,0.41724540407331556,0.020115259019617367,0.44777651761143566,0.7887156355837651,0.504247868762632,0.26434216600612237,0.4844,0.36357912645176815,0.018378109571676488,0.4088487350347484,0.0668,0.2978,0.6170349018610725,0.0018890536100344413,0.0
0.11855966439830118,0.08920342262306258,0.2964688759642588,0.3219756573547279,0.17005403469754574,0.4632590051669663,0.0,0.931626997568856,0.02049607375364607,0.0,0.0,0.011334222660901214,0.6003457168653727,0.0,0.4805696772511057,0.22446710063911945,0.4907,0.7046,0.41063927236265413,0.11104915381360175
1.0045134529133054e-85,0.0,1.6404949633031938e-69,1.2024671717011272e-65,1.9637779378164487e-49,4.131897132313525e-52,3.207099852869695e-33,5.237591532681264e-17,5.581397804046433e-17,1.25,1.0,0.5202237225561068,1.0,1.0,0.001339481149813215,1.0,0.9999131476061712,1.0,0.0,1.0
0.026783082929444535,0.7849685157865912,0.010123850846656469,0.030844125153831108,0.7158619081957296,0.0007350502289822682,0.4575647429402584,0.119959483797484,0.45644129922773863,0.0,0.0,0.23796668122417947,0.06574333140913471,0.25872531629635354,0.0004401290461831797,0.4702522950797432,0.024985529085269242,0.008205346468599536,0.9782869913703232,1.0
4.384730428076315e-17,1.5729701737532787e-17,1.6749419912930378e-18,0.7612556401244269,0.6932410134347702,0.000293766542286564,0.4431058275081294,0.11616879830811679,0.32110289896459443,0.43527189844557845,0.22642588104393066,0.17671551621773435,0.06574333140913471,0.25872531629635354,0.0001816395459568708,0.4702522950797432,1.0,0.022880315832721265,0.2192760878389035,1.0
0.1781520841306683,0.10299778199531731,0.648231057425578,0.002935886065361582,0.0,0.7167149733808775,0.0,0.0,0.19042687029412822,0.12405979446851215,0.0780957043944003,0.12120975701056241,0.0,0.0,0.5166761713616623,0.0,0.002748129416069986,0.804308686806248,0.3337127801289892,0.38231274603840043
0.027506001784313627,0.01576284848994626,1.064084107817312,0.2996738206138009,0.4175105311070261,0.21858021448039858,0.0,0.27281855816739736,0.014534490340750106,0.2065962109166469,0.10570360575740209,0.007505751805655048,0.1420689412938433,0.0,0.1164,0.2298054664452699,0.17468858214826138,0.9810386604017911,0.3312855896457564,0.0
4.499571433145517e-17,0.7348357806149975,0.002548260327595416,0.0,0.24472971729315615,0.2727382363651508,0.2138081300491205,0.6882713282280604,0.5991851954252838,0.0,0.0,0.31934725524801955,0.4338563479162292,0.1621623223626136,0.21554556824522347,0.20466354170332796,0.0,0.0022076584314357772,1.0,0.003932346394296668
3.577708212828077e-18,7.432542920426073e-17,0.0,3.058977020956464e-19,1.3005361745510428e-18,1.7876863841952448e-17,1.25,0.0,0.0,0.0,0.0,0.0,0.0,1.0,0.15007575749539248,0.011125375839746196,0.0026170613691242823,0.0,0.9693794826267682,0.0
0.4079678165063468,0.1749966310319982,0.19664163595263578,0.024920098438011646,0.32588517366043324,0.00791286676148446,0.0,0.133664613742993,0.007690336418232459,1.0963395301697556,0.6810123099497984,0.008153814528890357,0.14292564386979362,0.0,0.00860645861532558,0.37594434726896053,0.03264690218899541,0.26546573036714416,0.25796416354803847,1.0
0.00024716243319504146,6.742870262729876e-06,2.9701687332385884e-05,0.0001216144177837293,0.011620192939658776,0.01254237959527399,0.5010223768020285,0.7059653217196366,0.004134893770618512,0.8838180095253398,0.5065324212869851,0.0030401610468081403,0.6069,0.9782802040866767,0.5241951458283193,0.9848195433333387,0.28920561725646265,0.07610990556104813,0.01736339946046017,0.012889183139161618
3.476129532901804e-34,2.370681975083323e-33,1.1955167919938016e-33,2.375958045992846e-37,1.3777121847539637e-34,1.8362917673074466e-35,4.3789490086388433e-17,0.7151366437551853,0.28633144352619294,0.9640876370521583,0.5708258572396908,0.24245026595380467,1.0,1.0,0.004359879245674575,0.03272573067084654,5.648750605729159e-05,0.2946358213793234,0.9073129828459054,0.016216338962299237
1.6605177056236743e-18,2.549982084389865e-17,1.855970788989834e-18,0.4184249681817783,0.0067448349543196475,0.2371188747253763,1.0029259495160028,0.0,0.3215681027371403,0.15719433728513896,0.08590480943515853,0.17916320197089786,0.0,0.7153143625752292,0.3281863401631915,0.010261154968996128,1.0,0.04615655270330975,0.9586025337821282,0.08954656227535084
3.6797522527662613e-17,0.0,0.6009491480038568,0.5836429152899882,0.08096173422888756,0.10790537140823003,0.05304372184079605,0.0433243518538721,0.7871215427780404,0.467089740712054,0.24381084331738226,0.4750853479073278,0.03241382874842663,0.03974567994413413,0.08117856425960313,0.06133566270596508,0.4907,1.0,0.0,3.95671849881948e-05
0.0005856973312734372,0.5185854372016029,0.19215263314745054,0.3782965388424008,0.9601333247736691,0.07625196951004765,0.017387924511421935,0.4032163428115442,0.00504647988423951,0.0,0.0,0.0025892492378909735,0.21070964433916417,0.009433808892647097,0.04140267239307896,0.6121116001992819,0.38192571741817516,0.22590312343923785,0.999280993417046,0.009303046367149459
0.043150436245580376,0.0,0.08509331471178287,0.18793859690037382,0.17829495576030807,0.26441996739834245,0.2691379678484605,0.6578811653605057,0.3346051271591012,0.8939607242127203,0.5073001839489698,0.2502038410986578,0.6066804108355114,0.3905277892991942,0.48628382063074344,0.4469854448232611,0.7009439104738093,0.7012293264206253,0.0,1.0
0.29634724757500697,0.005498051193641358,0.0,0.5924151376436706,0.24002917752849498,0.6748473073072794,0.6868884928915745,0.22792564801730003,0.0,0.0,0.0,0.0,0.12016275963757536,0.3905277892991942,0.48628382063074344,0.22131032116484392,0.7046688625067019,0.0,0.011809681447812886,0.9634063123721063
1.1089986438322174e-17,0.18111322294793003,0.3672408818556134,0.39768060535522154,0.0005550283533375727,0.3457324811276979,0.0003654525141004214,0.9397746731078573,0.0,0.1098197830316122,0.060473723617589556,0.0,0.6069,0.00034862682434858017,0.3467,0.0006190244451546589,0.4907,0.7083193031900739,1.0,0.10271326468279811
0.005297309232475076,4.912349015471356e-05,0.03341336200076565,0.013216525229898123,0.8941584130623118,0.23096926589304187,0.11086119125423424,0.38831302751551044,0.35668658847613544,0.6377383934383144,0.3422245107164141,0.2164,0.2516,0.076,0.1608,0.9741547243451553,0.23709916521712532,0.8999,0.005903391205822839,0.9954503175406392
0.0003747459764388505,1.1483144269207173,0.007003116415468738,0.0302410376596078,0.0,0.4045128321650074,0.003869752089336773,0.27701473071264104,0.01599429539927963,0.047662224123865296,0.024280057225064877,0.008151978528938893,0.14238070095001767,0.0020228280431507234,0.21554556824522347,0.0,0.01676129327880524,0.0038824443591598534,0.9997922427131857,0.0
0.019922407169690015,0.44982737417794877,0.0,0.8999573344118197,0.3646362239304162,0.1309469950434063,0.2688229367425874,0.025590084536205846,0.44105997864052016,0.363694937487618,0.18794662242000934,0.24046510953464378,0.014656662147325722,0.15553769136480627,0.0775,0.22131032116484392,0.7046688625067019,0.0,0.9718231567126626,0.0
0.37253071752648326,0.7004174079756582,0.00582119036201314,0.1454963037573521,0.028778443056052153,0.8990617665671189,0.2819907036542265,0.0,0.0,0.024065992828255306,0.01234747860476132,0.0,0.0,0.14597418551829655,0.5342842604737108,0.02270478002497503,0.11547023913195514,0.004671251945601751,0.6888094080144446,0.009195796749930985
0.6687849163641316,0.30092303483359895,0.0,0.060071044414139685,0.0010742242822658786,0.7047813281856206,0.7173566214069729,0.0,0.0,0.09812176307284157,0.05002634835659481,0.0,0.0,0.3905277892991942,0.48628382063074344,0.0009293964895263629,0.05203015824241719,0.0,0.26917328111008737,0.9999530948433488
1.3561587959950172e-18,4.9929974384669694e-17,0.8157190870803264,0.017023160751805304,0.00021960324261089165,0.8451070281146269,0.000605073104772149,0.0,0.4151025528011835,0.09388171019635486,0.047881389428199375,0.21624445149894284,0.0,0.0003279179363476249,0.5111943998118429,0.0001713498336131901,0.013283626745588167,1.0,0.9827128833961601,0.0005934428016043936
0.1105798907139124,0.0,0.22095777475723447,0.015990990019844446,0.21032984433310717,0.20132803491878906,0.13094576008666622,0.9769100638450424,0.371971485935727,0.2939832705586703,0.16332079730105037,0.21538853536071362,0.7503555325862326,0.2101328582187615,0.35318638888869325,0.4483,0.041143998347291946,0.7046,0.0,0.10174699756280692
0.21566076372365584,0.40458646765097456,0.5213147281334453,0.0,0.0,0.8175253183464262,0.0,0.613939865097939,3.5779012427690227e-07,0.025399402563836364,0.013082448539579294,1.84312598690006e-07,0.33097577349316326,0.0,0.5518021859945625,0.0,0.0,0.5407740194687304,0.6882288919815425,0.9858764761389688
0.6224700643781111,0.486429123375268,0.0,0.8791098965823924,0.13918963001249282,0.37778759384469424,0.0,0.03833551165623979,0.00023928653792677706,0.0,0.0,0.00012194635376465814,0.019539795463943244,0.0,0.19568774868114341,0.07462872331125384,0.533959908530332,0.0,0.42228712766303456,0.0008075640978835591
0.027820877037100126,0.01594329386844317,1.0762652221451003,0.30310433991497676,0.42228998742547663,0.2210824138486795,0.0,0.2794938381294466,0.014710199893504274,0.07234657358736434,0.03687207079344579,0.007505751805655048,0.14383655335243245,0.0,0.1164,0.2298054664452699,0.17468858214826138,0.9810386604017911,0.3312855896457564,0.9998082479407913
0.01875810701167854,0.006647015752528568,0.001510129489405231,3.7028840868690933e-06,0.0,1.3332634000400777e-05,0.008589283956398158,0.0,0.9188818578081044,0.7942688661901238,0.45368625432596105,0.9849492124343395,0.0,0.25872531629635354,0.00042527961000582426,0.0,0.00011811329581229435,0.04821566219568704,0.2168,0.963438550888204
1.039052681962483e-18,5.124140176831966e-17,0.8370076248755929,0.4714552300418323,0.004974658435141959,0.0,0.44741998312655884,0.05926978781961008,0.5825624854386339,0.2191408645480621,0.11399010128737251,0.3195631182952346,0.03556801088041922,0.27748089502197804,0.0,0.0032966552028945995,0.32656601835535126,1.0,0.9870926473805663,0.019961184214978205
0.45108143133005485,0.0,1.1007045550167769,0.21322316585545556,0.03532188960910615,0.17846951421660173,0.0,0.1076074220027166,0.001456520992575445,0.23943772531367158,0.12270294202138138,0.0007557954233871206,0.05590985432427946,0.0,0.09330062227740218,0.018601641573476102,0.11291320627078578,0.752395726416623,0.0,0.0
0.00044750463988529096,0.8727281941604167,0.4152000220761657,0.3775637638303839,0.20241243013799454,0.2728470637199203,0.1365044619741011,0.45900045632064024,0.2385131710768405,0.2900651705842361,0.14909491410523773,0.12570389422217157,0.2516,0.07918411713876644,0.1608,0.12265061769653385,0.23709916521712532,0.2826971540936378,0.9996735635689153,0.9999430715798671
6.197939704547524e-17,0.0,0.0,0.0,0.0,0.0,3.5197499039859006e-17,1.1640301614335347,0.4488584495904063,0.0,0.0,0.2343,1.0,0.32879803437499733,0.0,0.0,0.0,0.0,0.0,0.9975677793184796
0.286025049522474,0.7194366805641575,0.008182617609228298,0.5642372567162308,0.38608970405861404,0.010479551991473266,0.0288053166878796,0.6648166417847806,0.0,0.22952974219783256,0.11756563496276813,0.0,0.3639483768803311,0.017748308764489018,0.0064587284440517645,0.2438836378118577,0.4009193597476339,0.006728186684581916,0.7590979052455007,0.0
0.7447434158739022,0.26743025439792495,0.010199622525835662,0.007270030451666091,0.7206947752050203,0.0,0.4606537056533642,0.12076931536394767,0.33555756408090953,0.1573000595654887,0.08172137653665135,0.17758886340148447,0.06574333140913471,0.25872531629635354,0.0,0.4702522950797432,0.005848234963243715,0.008205346468599536,0.2194747670841016,0.9782876183169136
0.057635031783277876,0.10836308972928752,0.29950300672154084,0.619643540558976,0.02043275069927643,0.7790849698413529,0.0,0.12487711742473538,0.20613674414235153,0.620969295242808,0.33364433637613367,0.12291251805876227,0.07557669267705436,0.0,0.5342842604737108,0.018601641573476102,0.6935475328018008,0.7524009141348049,0.6888094080144446,0.009195796749930985
4.295223491991253e-53,7.655348952397606e-50,6.596342193571951e-51,1.5287703790336412e-49,1.4380736264513856e-49,1.2827039968622839e-49,4.2085572772489834e-33,6.873095622638535e-17,1.9870257895986918e-17,1.16842816,1.0,0.17916320197089786,1.0,1.0,0.3316814928701798,0.4449617784693799,0.7035060888543984,0.054720096367103455,0.9996428087169108,0.0896
0.11950591337423729,0.04748954181571795,0.1293561558425293,0.0,0.29298163171061975,0.20428727924507012,0.0,0.21712767870847277,0.3396232519669234,0.8227261055403547,0.615,0.4075,0.3159,0.0,0.3402508221661588,0.6455,0.0,0.5018761498485218,0.2408,0.5102
1.9256840584027494e-05,0.4019340745175,0.4060666501794151,1.0737118019729504,0.0004708442055178279,0.0,9.795533472787379e-06,0.027856723112650472,0.26507889123752304,0.039119654853997085,0.019994873317994183,0.1365771886470937,0.01457828167970357,5.127200785188206e-06,0.0,0.0002464503691697213,0.6886820411252104,0.5032560071565861,0.9999694992630958,0.9957230708822598
5.225880891526408e-18,2.6508046481354068e-17,0.4412416667122628,0.8532604570703972,0.0006546716476337036,0.4379987921229462,0.3932638843122815,0.0,0.5099521654336673,0.0,0.0,0.27059528896607415,0.0,0.22700403741268677,0.2723479733672451,0.0004338724985561565,0.6961713264421171,1.0,0.8760837910516538,0.013535033641302763
0.023961116297092983,0.7022612723810531,0.009057163738401262,0.0,0.639942816029469,0.48924483449020884,0.4600491735269445,0.0,0.4562240459233323,0.0,0.0,0.23784783225748773,0.0,0.25872531629635354,0.3026355047293465,0.4702522950797432,0.0,0.008205346468599536,0.9782869913703232,1.0
0.6821517458605494,0.2417233997826625,0.009328407615003368,0.2188569704426899,0.0,0.0005051220157110749,0.32541479991427175,0.32950050659899593,0.25396841531948433,0.7905484300299847,0.4511138659434405,0.17758886340148447,0.24238756580167165,0.25872531629635354,0.00042527961000582426,0.0,0.18693815729514668,0.008205346468599536,0.2168,0.963438550888204
0.22359019681221765,0.16822762548997042,0.5591069666227513,0.5213077445718743,0.6915019975462743,0.6469387736972656,0.008179597138527703,0.0,0.00016260594927406953,0.0023665750881208844,0.0012064722566949987,8.289608175588142e-05,0.0,0.004169966773328565,0.3467,0.4483,0.4424615376186123,0.7046,0.41063927236265413,0.99877100577313
3.2245505963545884e-17,1.2925362089357583e-17,0.0,2.3752852395447548e-17,1.7030254920793028e-17,1.544003564451815e-17,1.1432012067984949e-17,0.8050739193846618,0.6088284478801839,0.02200323145415366,0.013875540628656813,0.4122,1.0,0.14899028448137197,0.2087,0.2448,0.3818,0.0,0.2427,0.598
1.0703997171086365e-50,1.643764527483812e-49,2.6901568664110205e-33,4.3933595683000394e-17,3.692554413336118e-17,3.293610436557033e-17,1.0806349871133607,0.019169211248426195,0.31246290079130234,0.3153599002357305,0.1739819378465944,0.17916320197089786,0.01129171207485502,1.0,0.3316814928701798,0.4449617784693799,1.0,1.0,0.9586025337821282,0.0896
3.619556732086935e-17,2.7786646336748305e-18,0.5928577457221276,0.15864056648447475,0.0,0.0,0.8320387406511335,0.672245459810299,0.0,0.20408439387390043,0.10440672959137653,0.0,0.3670248051435586,0.5954148121749299,0.0,0.0,0.16645105411706135,1.0,0.048776416560212366,1.0
3.990573584888156e-17,0.6517101237134738,0.050899291595034965,0.32251986150240247,0.2410553031848608,0.0,0.5116551538007624,0.25380377775214513,0.5252817024469372,0.38605838236882706,0.2164104213998196,0.3196031089289096,0.1709,0.37423091892768945,0.0,0.20332187763275977,0.29178673559933765,0.04961999138767975,1.0,0.10269864565608244
0.052797023685717995,1.2221910437850618,0.0,0.005104496863867911,0.12973804693862306,0.0,0.22158338800441887,0.0008781437765449743,0.0018817794291951081,0.0,0.0,0.000958382755485529,0.0004472354964764613,0.11345119954913363,0.0,0.06726349917732581,0.0026563579743068277,0.0,0.9725159622807387,0.0
0.0016355094996320645,0.019350406564121757,0.01136108048053057,0.004697766902810089,0.8456047711166378,0.3658261950501568,0.0,0.41970797078228833,0.7327043358187456,0.009224170697093305,0.004697874197044788,0.39873727809835713,0.2720485128126216,0.0,0.25985114523374686,0.9827007162375119,0.13104504185040083,0.33699156718466206,0.9463200473441695,1.0
0.6369961384712651,0.0,0.0,0.8406799719191685,0.0,0.0,0.35307941965931705,0.1972948111745564,0.45479732888923946,0.014227392068431195,0.0074374522797114595,0.24366465392293649,0.11176013829206777,0.20564431378755227,0.0,0.0,0.5872025688314977,0.0,0.0,0.03326404208450061
0.009947812942149612,0.35917469804365565,0.15394954478931613,1.0539796045689027,0.006201143866961181,0.0,0.008330506841037658,0.0,0.0009729994882437303,0.5465457984994188,0.288085558887905,0.0005510052395726129,0.0,0.004717572958322721,0.0,0.003511795025354661,0.7739,0.2577,0.9823724892669374,0.0
1.1481736632741042,0.4348806017113811,0.0,0.0,0.0684266272574033,0.0006801928755988004,0.00034321514741011326,0.0,0.1481976339469109,0.0,0.0,0.07635555923172381,0.0,0.00017768687889006688,0.00035214459304099,0.03544365573717949,0.0,0.0,0.23049567921356343,0.011558109240002334
1.0972918366323312,0.41973378494015096,0.0,0.012300402484611167,0.0,0.0,0.3999649105498052,0.12906804856496157,0.0,0.0,0.0,0.0,0.06596764499362913,0.20888801096728604,0.0,0.0,0.006665128126297215,0.0,0.23258608838877703,0.9977962557454593
5.480338925355567e-23,4.124459106192154e-17,4.5968092015547135e-18,2.0964958151807454e-17,0.7593194619591671,0.003972096888497956,0.4181853020580165,0.27787167649440864,0.8565836451584256,0.009540467928048418,0.004858967592304531,0.480646361498302,0.19747860013995167,0.3204763462215886,0.0033302087964269915,1.0,0.2978,0.07066119675576404,0.9999991540970515,0.0
0.4528946989818156,0.03449851111365035,0.04985604517339252,0.23083437952550118,0.053914577504515164,0.15333026905296573,0.2911192098521656,0.0895940484873836,0.5879258706592712,0.6883539133424055,0.4324,0.4844,0.0927,0.3162,0.1843,0.0668,0.2978,0.0696,0.0484,0.8095
1.1059416233935935,0.07573577791103983,0.1340411640931672,0.447173626317931,0.0,0.29227964267409134,0.0,0.0,0.0,0.0,0.0,0.0,0.0,0.0,0.15175448918038836,0.0,0.24249886177013105,0.07660671203703467,0.04352827868774206,0.9876692058482648
1.2182643665683167e-19,5.5207254637237194e-17,5.301491153214788e-17,0.0,0.0,0.0,0.0,0.0,0.0,1.25,1.0,0.0,0.0,0.0,0.0,0.0,0.0,0.4871044726824837,0.9985951666498756,0.0
0.3072275297839921,0.12208680064999955,0.7090229812753592,0.0044064178013341745,0.17657131282173308,0.0,0.678882128380725,0.29199768199137177,0.5591312721240417,0.0008921626740515189,0.0004634390614831202,0.3016,0.17255839955230406,0.44719392863290874,0.0,0.1413182905996032,0.003585773229086764,0.7222417689229619,0.2408,0.02507734820074825
0.21618125042012593,0.0,0.09364869301023943,0.6352225616338096,7.787803730801909e-05,1.046920694256304,0.053885244427632394,0.0056168301921409695,0.00017009792194476673,0.03363324326654879,0.017149893514665254,8.675544934667553e-05,0.0028647750029044544,0.027492042491363042,0.6343497324242703,7.317842287567428e-05,0.7739,0.26024480140426115,0.0,0.9986460162057944
0.2201655857150121,0.5932365653148987,0.23446290448133858,0.1767677780177407,0.9841328112635985,0.06635045706866712,0.0,0.038954306716157704,0.16458721068688167,0.0,0.0,0.08615481639794101,0.020519976885251284,0.0,0.034981168585194206,0.6074425737065067,0.16309796226679618,0.22590312343923785,0.7737643834576808,0.9689316245463164
0.27140708376462175,0.6826682199730743,0.32676332287436977,0.5508244287175729,0.0,0.0,0.008207097034778177,0.627046114624572,0.3894169635552658,0.13565878568060863,0.07035041224746615,0.20636649317535613,0.3639483768803311,0.0053607451726253065,0.0,0.0,0.38237868640980016,0.26643518997858,0.7590979052455007,0.9797028953800607
0.7947928129297388,0.0,0.0,0.003752435224112661,0.013242274218387343,0.09609716433329218,0.01923481863776069,0.0,0.9569292333842881,0.03975735119284789,0.020275801647016145,0.5563482854648341,0.0,0.015290269181791707,0.07658950669960779,0.010605807679979207,0.003005634512404154,0.0,0.0,0.001489542790221468
2.6377824264205265e-68,0.0,0.0,0.0,1.006114183132773e-65,1.6431148011552922e-49,2.352862473276431e-49,4.686749320818306e-33,7.654042494670958e-17,1.25,1.0,1.0,1.0,0.611906523653028,1.0,0.9983309443117808,0.0,0.0,0.0,1.0
0.26831597156260995,0.20750173998246377,0.1447107098036554,0.35815050801763937,0.43668478455735005,0.0,0.0,0.951761808497629,0.0,0.18248863889576708,0.09878974985703211,0.0,0.6075015941759891,0.0,0.0,0.4483,0.4907,0.256719944210393,0.4190724247943205,0.9251166981583714
0.4214357275105802,0.16010573124814093,0.27875645646889036,0.6995297070468989,0.16939098733473804,0.42792253740985603,0.3317407946923721,0.1841246873616869,0.0,0.6564707648137305,0.35269405150836547,0.0,0.11102384223858539,0.20564431378755227,0.28424603560686873,0.12137694838105681,0.5872025688314977,0.3525513979084166,0.23113396984928192,0.9977962557454593
0.7677820174818677,0.0,0.46525408224904047,0.04220450579418191,0.027844436287203757,0.2991749426012594,0.5394823603498788,0.5299788192227265,0.0,0.0077565092620599865,0.004072789460477844,0.0,0.2880096095922431,0.3294729433659424,0.20448321125903154,0.019717237311249497,0.02990646607593565,0.34682968963686645,0.0,0.9609036133439797
0.5706891406267861,0.23165701014081702,0.9686963124285473,0.026865722991811922,0.259158790999186,0.027099765695292818,0.0349841530541854,0.32734450804991233,0.009685674855250159,0.15465424878466164,0.08010282066885555,0.00504336965528554,0.17255839955230406,0.01890986286993912,0.014653745834573961,0.1413182905996032,0.014896602087458168,0.6394561508372909,0.24548294504846718,0.017953418834652124
3.685039028463215e-18,7.100527334509544e-17,6.527375435849348e-21,2.0639594501727713e-17,0.0,1.2090987503597432,0.27910775303171703,5.094245794276636e-06,0.0006067657023586194,0.003829647695925015,0.0019647278754627495,0.00031129059806741296,2.6135144755681013e-06,0.1444271043018306,1.0,0.0,0.17985874198811994,5.844455145365699e-05,0.9669902561700796,0.009183059209723829
0.27716720480603213,0.1198931634851606,0.30752414394375555,0.0,0.37837775214549724,0.5929582137154357,0.5451124102540771,0.0029595453110632035,0.19726327936110083,0.0013978187744300167,0.000882580867839336,0.12536043453783416,0.0019054809096686817,0.37173494185988865,0.5106020217782157,0.4586626952504123,0.0,0.5057834610341572,0.25990752722085664,0.5909366960288737
5.6183051562774254e-05,0.015649203210898455,0.84793562396069,0.4184256521301604,0.3127364682742416,0.0,0.0,0.2740036877552399,0.5670881846422593,0.41678426300329985,0.2164104213998196,0.3196031089289096,0.1709,0.0,0.0,0.20332187763275977,0.29178673559933765,0.9882520262205536,0.9977144467136427,0.0
2.771175051724821e-17,2.127378206753532e-18,2.5364078156026935e-17,1.0068510242191653e-17,0.6361176455603524,0.0,0.8624097466622646,0.608292624588664,0.049336522869747955,0.2040827289381444,0.10440587011404559,0.025475419871794726,0.32867355079960403,0.5954148121749299,0.0,1.0,0.16645105411706135,0.4709276830171705,0.048776416560212366,1.0
0.1813520263573129,0.285037055669881,0.7818610442229095,0.0007357509786065882,0.0,0.0,0.914883878290326,0.0008415429052135891,0.0,0.00556728473514068,0.002835416793463566,0.0,0.0004286004681865272,0.5227489990833918,0.0,0.0,0.0005499329010256737,0.7403452082673967,0.6392649206374135,0.9999944511493066
1.0061176409332341e-65,0.0,0.0,0.0,0.0,1.6431148011552922e-49,2.352862473276431e-49,4.686749320818306e-33,7.654042494670958e-17,1.25,1.0,1.0,1.0,0.611906523653028,1.0,0.0,0.0,0.0,0.0,1.0
0.5588328314294599,0.02642257362608095,0.2476502512631854,0.8172778627765693,0.41215592499391973,0.0017764313633497866,0.5089040986221746,2.443097005830729e-05,0.24161856875990737,0.0,0.0,0.12518067606255073,1.2823188735382055e-05,0.27564280682680814,0.0010271929914298927,0.24427275832206827,0.5909026920570779,0.26530152995919304,0.03007807301655696,0.9865505358675177
0.01995298126817229,0.3765388053340958,0.23315080923439385,0.8572931549053677,0.0006577657707870179,0.4620467419577914,0.36426848494221215,0.1991497613740413,0.49514621308738843,0.0,0.0,0.25928505414899394,0.11102384223858539,0.20888801096728604,0.28424603560686873,0.0004338724985561565,0.6961713264421171,0.3525513979084166,0.9662967196822623,1.0
1.1644907014444498e-51,1.9017576369859677e-35,3.105805916138507e-19,7.653912933573512e-17,1.2499891319459937,0.0,0.0,0.005211058338726114,0.00012201594657461051,0.0,0.0,6.214221140551923e-05,0.002653977918769007,0.0,0.0,1.0,0.9974167375295587,1.0,1.0,1.0
0.7913092548595551,0.014202559948712189,0.47958814737081407,0.05833038057402272,0.028727532402197456,0.30866338139705757,0.5565922336336683,0.5448187365267375,0.0,4.150600037067198e-05,2.113883241017722e-05,0.0,0.2871078963285601,0.3294729433659424,0.20448321125903154,0.019717237311249497,0.04007451776468601,0.34682968963686645,0.01142493877339999,1.0
0.8561539755724565,0.2368114023337124,0.35106626621124554,0.002186510717271047,0.0006505665759533441,0.1803479450824509,0.09084163508312014,0.5853429131506555,0.4840678099418415,0.011332022702999288,0.005832053859956448,0.25597551206344776,0.34383980431133543,0.0593228964752171,0.11880423286739267,0.0004336061666320888,0.0014573228015391515,0.23960517836470635,0.17179328089762852,0.013166498663446621
0.09511865547050626,1.0562239698975104,0.0,0.34055597809408955,0.475452226820073,0.024374663774368897,0.27961934360187773,0.0,0.013244597961652133,0.1298216147874223,0.06623704727915633,0.006782222791432688,0.0,0.1444271043018306,0.01281123465576417,0.25684077004313555,0.19781436129712288,0.0,0.9428231963398312,0.0
0.00046561724072253846,0.9080515763365019,0.01700216033819054,0.35480760348944435,0.3985415343357801,0.2718687132994236,0.2493622607483931,0.46559084895664166,0.0,0.28659647964265894,0.14814010266341024,0.0,0.2516,0.14344699856531296,0.1608,0.24701824485455115,0.23709916521712532,0.01191853600325199,0.9996735635689153,0.007242222617865557
0.07622957112141399,0.9887367421033751,0.0,0.49857919931370465,0.0,4.681772216797467e-05,0.0,0.0,0.5719025320775234,0.05860871031316318,0.029860118563752078,0.30288651903958147,0.0,0.0,2.6852601626720617e-05,0.0,0.2965747765307822,0.0,0.9510148278092035,1.0
1.1288309735460373,0.0030226166351891735,0.0,0.0,0.0,0.0,0.0,0.0,0.46020891060106944,0.0,0.0,0.2464441867133188,0.0,0.0,0.0,0.0,0.0,0.0,0.0017046422010933426,0.03198193227284335
0.1901125301207301,0.4663302067211303,0.18659759967074646,0.14786466938967097,0.7989596505537269,0.034986199143400384,0.05980996966066575,0.03148407356225335,0.002083457830397966,0.7297594032880296,0.4084335389288879,0.0013576718109634053,0.020519976885251284,0.0390195199118617,0.02285823721732688,0.6123968937125018,0.1710403596014411,0.22590312343923785,0.7535595824096806,0.9684168845648193
8.432344007706682e-18,0.13771062829834052,0.8685876244645693,0.3435664526320399,0.18418642691140868,0.2482788518747611,0.11916948852760233,0.417414465369645,0.3834178384018849,0.48993973533419066,0.2564,0.2164,0.2516,0.076,0.1608,0.12265061769653385,0.23709916521712532,0.8999,1.0,1.0
4.88696110077897e-37,4.6533905382238717e-33,7.599563510270913e-17,1.2411029066604389,0.0,0.0,0.0,0.0,0.0,5.2655423478367475e-05,2.7009431295913844e-05,0.0,0.0,0.0,0.0,0.0,1.0,1.0,0.9999331425972836,0.9910223088388415
0.7462725632322209,0.601090962583953,0.37870867313056916,0.0,0.0,0.18174998217266006,0.0977792437977934,0.6522535298820485,0.020681799098302724,0.011390111697347256,0.0058618481575128945,0.010644552462066859,0.35364406314913166,0.0593228964752171,0.11115228992123818,0.0,0.0,0.23960517836470635,0.4316663669422762,0.013144351390946885
0.3407804091473885,0.2564006824168293,0.0,0.027492606424859452,0.023067845546340733,0.2652175277459096,0.15606307839762013,0.7423073945178701,0.6483891007897531,0.30509230795471115,0.16963974755623834,0.39397518918668417,0.6069,0.19135025465053201,0.35318638888869325,0.03433062278550647,0.040983765393285104,0.0,0.41063927236265413,0.10174699756280692
0.5709908286468207,0.0,0.34074332238642596,0.8009148197746475,0.032250730287203336,0.32963881912527143,0.000167436105099389,0.3032937826959487,0.3283148259450021,0.2773282839421459,0.14691927166594057,0.17945235215428632,0.1724109991334454,9.757844114562553e-05,0.19514887459802943,0.019717237311249497,0.5588883291289534,0.34252196070426555,0.0,0.9609036133439797
0.30830180690060394,0.7393240279446909,0.09685881160797809,0.7877015612638085,0.08054759240278593,0.27470242989114835,0.008523663250485836,0.013677390226242713,0.0,0.42247720976525655,0.22173923353410827,0.0,0.0074839319373244395,0.004664195727812735,0.15175448918038836,0.04539798123374213,0.4923493687532375,0.07660671203703467,0.7484846688568723,0.9876692058482648
1.0330409209866638,0.5059859197715934,0.0,0.0,0.061236502401896514,0.14737207452197842,0.39587368762285247,0.22119848176184673,0.09050209725102266,0.0009447178923027917,0.00048114091744371444,0.04613271749137941,0.11355309639963809,0.20914831944152357,0.08100578824787745,0.0338585822203053,0.0,0.0,0.28995248394887174,0.0
3.003408432278982e-18,3.750324515604482e-17,0.614435368571481,0.10502956905637724,0.2660125573337512,0.22345271305814873,0.5972321039265183,0.0,0.11214875567619284,0.8228729346942643,0.4586742889104581,0.07635555923172381,0.0,0.4436229422503345,0.20275170881683702,0.2567810128237757,0.10778000066315459,1.0,0.9491255415363227,0.9972450809624729
0.11877819573335222,0.0918569332384937,0.3000319180395464,0.32584524673621684,0.39729571279299525,0.04310823521820995,0.0,0.8680465354959407,0.3116390784594119,0.5774373221522952,0.3057,0.1814,0.6075015941759891,0.0,0.04464743602103343,0.4483,0.4907,0.7046,0.4190724247943205,0.0
1.546922793516518e-35,1.6419164191159176e-34,4.6829597022840084e-33,8.765843372637241e-35,7.653933526664639e-17,1.2499822041740698,0.0,0.0052110294576560865,0.004163462516399391,0.0,0.0,0.002120437968273244,0.002653977918769007,0.0,1.0,1.0,0.01190785703764713,0.9775895654267303,0.9401977331982194,1.0
4.791306208649368e-37,4.5623074375419856e-33,7.450813517623919e-17,1.2168101893233976,0.0,0.0,0.0,0.0,0.0010827755871654161,2.969261229137749e-07,1.5534794793688916e-07,0.0005664944063869526,0.0,0.0,0.0,0.0,1.0,1.0,0.9999331425972836,0.9656293279809054
0.8246398306154956,0.31729585047625014,0.5092109278713787,0.005263657887492634,0.34584016439554055,0.0021340979792110262,0.025754112867961934,0.009754098652986263,0.6341140492226506,0.0,0.0,0.338706315595091,0.005764603736993917,0.015222366188285551,0.0012616328520733272,0.20814200864837268,0.0032858411730956605,0.3328347574604494,0.2338353153517657,1.0
0.9272770001018917,0.328584586003125,0.0,0.0,0.01328101840221939,0.023118942763308187,0.06713437842074081,0.0,0.6775335910332342,0.0,0.0,0.3831511846847782,0.0,0.04336089011737643,0.014956619642065815,0.008593893410994535,0.0,0.0,0.2168,0.05649633218002398
5.920251209307479e-117,9.668503953024477e-101,1.5789865224415833e-84,2.828899952883618e-84,5.290886380991767e-68,8.640673187853817e-52,1.4111290200357834e-35,2.3045485784444403e-19,7.654007800872284e-17,1.25,1.0,0.998083204516909,1.0,1.0,1.0,1.0,0.6759041476359295,1.0,1.0,0.0
0.1553858938039643,0.11691120774508501,0.382942996642818,0.3718934208110215,0.0,0.34410781409892766,0.15736730750742084,0.96125225691847,0.021333947490975395,0.41485086771940877,0.21536628651534634,0.011518750091456859,0.6069,0.1481,0.3467,0.0,0.4543265908928328,0.7008763468844541,0.41063927236265413,1.0
4.052555604064007e-66,4.4020413118891e-66,1.1955886104614239e-65,7.866997657730829e-67,1.1376700284640505e-65,2.869806277073085e-49,4.686749320818306e-33,7.654042494670958e-17,1.25,0.0,0.0,1.0,1.0,1.0,1.0,0.4483,0.03741729985222125,0.7046,0.5263008300719532,1.0
0.005817807440620926,0.4312768984884966,0.18487586571652306,0.006129933585717897,0.0025888784956762958,0.725214606327342,0.7955976412628805,0.42668301925206514,0.011796126914933567,0.03366966443001892,0.017149893514665254,0.006009987962914298,0.2218600709057581,0.4738401283013839,0.6343497324242703,0.003511795025354661,0.008315531542787413,0.257794652667614,0.9914126941955889,1.0
0.10797253518666013,0.0,0.21292347693955382,0.0466586983795239,0.20577271114994608,0.3051707960088577,0.3106159065544,0.7119425614755698,0.3703527481174127,0.7920550844512388,0.4368832209737833,0.2502038410986578,0.5871397862998555,0.3905277892991942,0.48628382063074344,0.4469854448232611,0.12287292007097594,0.7012293264206253,0.0,1.0
0.055550747871309036,0.8109514742916418,0.07562866526086226,0.0,0.8747026779958302,0.0038989079942558214,0.0,0.16198451027599425,0.0,0.32356323616880933,0.16668745658117134,0.0,0.08566730621131993,0.0,0.0020745213567183035,0.5219540497767524,0.0,0.05906179491898332,0.9564591146164962,0.0
5.66464226161128e-17,0.9251062862459976,0.02186923116938755,0.0013812144610023758,0.0,0.004941590031201534,0.7775182252798212,0.07779375101082334,0.002972001749724057,0.3091576906333673,0.15910382102429582,0.001562162395912059,0.040918695052176324,0.4448612773251553,0.003399611388822771,0.0,0.000950228319352181,0.015046695288341877,1.0,1.0
2.8868060638029193e-33,4.7145120794221255e-17,5.6580145574238255e-18,3.2466343072936264e-17,0.0,0.939399657721944,0.24460089908420238,0.7873965581186478,0.014329811652671963,0.0,0.0,0.007298273008181616,0.4338563479162292,0.1621623223626136,1.0,0.0,0.3818,0.07603880354194234,1.0,0.0
0.7774836679034869,0.05968593756555376,0.7116171353182618,0.28248313900454114,0.107037844379046,0.0,0.5957482804363029,0.0,0.043450548071439624,0.0,0.0,0.02213364124737499,0.0,0.31646968807189857,0.0,0.062156819238892644,0.16645105411706135,0.4709276830171705,0.048776416560212366,1.0
0.020968158047438214,0.052738613539557014,0.0,0.0,0.004052823044781121,0.04202909991519978,0.9566010774788973,0.007064154906696328,0.6987309325916966,0.31068406673447135,0.1630056865383858,0.4007824936532778,0.004688322134978301,0.9530091132019978,0.4050227582171485,0.04538414156566323,0.0,0.0,0.759087799862135,0.9761713377996105
0.22566847109243524,0.41743090829792956,0.28767107048083407,0.2800506234004035,0.0028379244941268878,0.6924153992054017,0.47792582372459036,0.09210405316464484,0.20996863156860282,0.644757292930168,0.34501481442602155,0.12563646048071414,0.05590985432427946,0.30207107414058704,0.5342842604737108,0.0029065854092575616,0.2975432234215172,0.34694925926461406,0.6844864323098699,0.0
0.04022406653709928,0.01529862087078762,0.02404726211560481,0.03370705167066097,0.021516724145237108,0.00019909141497569376,0.04340907113696975,0.034383195324699536,0.06368829169772601,1.0040657439663332,0.9332878659280975,0.4121245443974801,0.26766439044842827,0.38184457403665717,0.001996684671738788,0.22015341416798231,0.3818,0.32439636619907414,0.2313729109137374,0.598
2.6236624067596117e-05,1.0365906407109247,0.021725520414110494,0.09859826869168574,0.0015786484917063698,0.002992493988110312,0.23563463537728455,0.5238124415432122,0.01946141943201743,0.2853379456822462,0.14987576022546895,0.010415849561319732,0.2903319887273607,0.1416474329944027,0.0018291702868556414,0.0009649563133501265,0.060359091710662796,0.013340725555002375,0.9999838868373088,0.9725298493498762
0.1463118089629989,1.9403272616901547e-05,0.9228381953242003,0.04261313144951313,0.0,0.2413044943652851,0.11586792453070555,0.3825309519233583,0.006986285521523682,0.6231954572483173,0.3422245107164141,0.004254439849372571,0.23849287798657856,0.076,0.16073476223637834,0.0,0.029013912363678493,0.8999,8.442590527513345e-05,0.03409293417557058
0.060654077780332334,0.8292426579422888,0.3073295778417347,0.44781130431708605,0.3211128861756134,0.018958734880953475,0.0,0.025046275674041444,0.5410015460489462,0.42181273160781474,0.21923724148798132,0.30431273458093855,0.01527109651253969,0.0,0.011562283291604136,0.19908645187336346,0.2978,0.22539655754297638,0.9535178953186669,0.9994065571983957
0.33702301608210594,0.1350930737521471,0.16072518141206826,0.2714951485913862,0.1946558465187133,0.17647963713057763,0.37779783349432866,0.3118464457200186,0.5559218239421952,0.4121394682391204,0.2677,0.4122,0.2789,0.3842,0.2087,0.2448,0.3818,0.2653,0.2427,0.598
3.5630504624006854e-34,4.3731399685131706e-33,7.165545331633667e-17,3.898561982958961e-20,1.170222532271157,0.3161918929938358,0.02890911642517385,0.0010491489233659503,0.04335542270792183,0.1531293797807582,0.07992409120837779,0.022753342336007065,0.000550838071035592,0.015179689546920231,0.16800170150372798,1.0,0.0003463660171548928,1.0,0.9482452186062892,0.02784300868764994
0.962044843774802,0.028200133696807274,0.5642878245775393,0.07935779030718135,0.40211323146656186,2.9678413090487824e-05,0.0,0.2444413231644822,0.01877188769269859,0.23803714443423865,0.12330142822413229,0.009847526812212126,0.12912501101128387,0.0,1.5896072430712956e-05,0.21971183463924354,0.04520624664204437,0.33758929606343385,0.018655703611441088,0.9865505358675177
0.3671392567837384,0.0,0.22843908181460468,0.5699320500092231,0.1614105116664161,0.0,0.34483282905243795,0.0,0.4111992980477201,0.8481893088258621,0.47806101234104015,0.29892376393345865,0.0,0.2798071554445269,0.0,0.14127031048777888,0.5868050012284205,0.3543382279957408,0.0,0.9930409445163478
6.029306028572247e-17,1.767352501340404e-18,3.5364920924327383e-17,1.1419092045568058,0.41052882496572396,3.029953530364864e-05,0.0,2.4442305580797612e-05,0.01877188769269859,0.23803714443423865,0.12330142822413229,0.009847526812212126,1.2823188735382055e-05,0.0,1.5896072430712956e-05,0.21971183463924354,1.0,0.33758929606343385,0.018655703611441088,0.9865505358675177
0.4916136040172344,0.6672290824341655,0.005942594666818962,0.018071296861710707,0.0,0.5096849309863972,0.5246300445662867,0.009117551291402426,0.019455061666448267,0.3469050768550023,0.1935320805845998,0.011201394103829226,0.005250098171415862,0.314770570713418,0.35093332646229225,0.0,0.013878722158787847,0.004564663854589063,0.5957472821479515,0.10137118359584324
1.810756675184609e-68,0.0,0.0,2.9571900672836093e-52,1.1279440029293258e-49,1.1365753425617295e-49,2.292944631869331e-49,4.567396870044345e-33,7.459125150572956e-17,1.218167581994464,1.0,1.0,1.0,0.611906523653028,0.5024254054832241,0.9983309443117808,1.0,0.0,0.0,0.9670841273201906
0.2087573958204867,0.5250859256664795,0.005972141062292302,0.4097519216933368,0.28221553146181594,0.007638790658997851,0.0072805478031628375,0.4844347387560316,0.8108598864655379,0.32022880974399653,0.16497310688288774,0.46849895643567746,0.3639483768803311,0.006155530531366332,0.0064587284440517645,0.2446000765486906,0.39940051885516903,0.006728186684581916,0.7590979052455007,0.9996804207720442
0.009529429672316821,0.004287813356821579,0.28349853964227145,0.5588218226383005,0.22708682464993596,0.6384595977785938,0.6498515236582446,0.24217249633304486,0.47865092569465945,0.021845819187549523,0.011126550803239025,0.2502038410986578,0.1345367677671027,0.3905277892991942,0.48628382063074344,0.22131032116484392,0.7009439104738093,0.9765450317876433,0.26917328111008737,1.0
3.2126233241986265e-17,6.364699407108715e-17,1.1643423172511955,0.2546264936750778,0.019212265781014034,0.0,0.011640190809932593,0.005247854572054767,0.3419767481052696,0.0,0.0,0.1778531250333044,0.002802574304603067,0.006216488739531567,0.0,0.010261154968996128,0.13706267566814373,1.0,0.702414916743616,0.009934213849978321
7.989378454470955e-35,1.478384115319568e-33,9.259439660101783e-34,3.279751936636414e-33,6.068137318035742e-17,2.3614123828375134e-19,2.031326511833064e-17,1.127438545107485e-17,1.0611567983280223,0.6564707648137305,0.35269405150836547,1.0,0.11102384223858539,0.20564431378755227,0.0024773899242446773,1.0,0.6885302230691158,0.3558026025055797,0.9656296793744794,0.9977962557454593
1.7057435652270875e-17,1.95100951548276e-17,6.127903876376611e-19,6.248448165724004e-17,1.1047797813993547,0.031162430447406343,0.0,0.5040831882438106,0.06610505793773169,0.008977531740810278,0.004697874197044788,0.03460994902192388,0.2724157363135634,0.0,0.017952320291396623,1.0,0.749647275181861,0.0150506697116366,0.5426355397597371,0.9653784294457046
0.2494324993526399,0.28529797188058587,0.0,0.7574345916482835,0.30689020335993333,0.1102094287426362,0.6389612867333583,0.025557747712873155,0.4453167055694458,0.22176953127077167,0.11670177461471995,0.24284657945723748,0.014656662147325722,0.3905277892991942,0.0775,0.22131032116484392,0.7046688625067019,0.0,0.5426355397597371,0.9653784294457046
0.08762766717530934,0.06593061108023532,0.219120930442738,0.23797306003880697,0.29015515021517596,0.27145636271222834,0.35332607651476927,0.8899614897624769,0.0318332263501147,0.3849060077916346,0.2157407292218868,0.01856116633994659,0.6069,0.3776949952038146,0.3467,0.4483,0.4907,0.7046,0.41064018383017425,0.10271326468279811
0.24151495021009642,0.09597378073841789,0.11150909626980132,0.0,0.4542456442295867,0.3167318245405988,0.0,0.3366398832552815,0.007435551027669022,1.0231132505637448,0.615,0.006694373755762012,0.3159,0.0,0.3402508221661588,0.6455,0.0,0.2580303286804415,0.2408,0.9936539392017841
7.457625405627989e-21,7.101190859619415e-17,1.1597124826069514,0.44204455135111137,0.0,0.0,0.0,0.0,0.0,0.0,0.0,0.0,0.0,0.0,0.0,0.0,0.231835710055604,1.0,0.9999331425972836,0.9910223088388415
0.022927739402822646,0.026224479842877645,0.0,4.510206070070783e-05,0.012622057015788436,0.9840791693452511,0.6933328475083514,0.027732550258652924,0.23234493797320255,0.22745978685040583,0.11670177461471995,0.1212941967041822,0.014656662147325722,0.3905277892991942,0.9760427783568093,0.22131032116484392,0.0008242775109313372,0.0,0.5426355397597371,0.9977876326915704
0.33696982422243266,0.6335572336558012,0.002143928004647753,0.13056544977666204,0.0002203611255459327,0.7995099658455904,0.0,0.001387134382059982,0.0004902026024750614,0.6255287664507624,0.33364433637613367,0.0002883617595956442,0.0008159823021459123,0.0,0.5291811360123068,0.00019233626045982513,0.11457810753465944,0.0019019945445676867,0.6888094080144446,0.0
0.024466397159337492,0.32760785713429474,0.0008813921952439379,0.6566200538777224,0.006570425739958822,0.08982906536184969,0.7442113657861628,0.4675535415564855,0.4557966802057868,0.18736034531140866,0.0957828006851082,0.24046510953464378,0.2668556265973756,0.5019259755871139,0.0775,0.005696878648518464,0.7046688625067019,0.001707993530454921,0.9525440830503824,1.0
0.0023137771025080536,0.6390920677998334,0.07324971222009431,0.11806202535670157,1.0202066699516796,0.004369644937254917,0.0,0.10670307374732459,0.2435223889058119,0.02296300261420893,0.011781504014643784,0.12577358517299905,0.05590985432427946,0.0,0.0022954988948122867,0.6370806376677036,0.11555363790504194,0.07264886100678586,0.9976951836975257,0.009195796749930985
0.5514006612146859,0.02841598665541894,0.0479294368278381,0.0006547689404817607,0.7948124774718328,0.053938530477841785,0.0148472432586258,0.004485047462218133,0.13215794315043633,0.7765369696553491,0.4267331145255925,0.08615481639794101,0.0029418300974374534,0.009739045590009904,0.03540196953940927,0.6123621530289719,0.0007521328851096132,0.05512541756739239,0.032778687494212644,0.0
0.22249832122755053,0.38969503275290507,0.45696841118562875,0.0,0.5622540006404868,0.8811118676606048,0.0,0.003669090161271955,0.24455674146243853,0.0017329429265132371,0.000882580867839336,0.12536043453783416,0.0019054809096686817,0.0,0.5106020217782157,0.4586626952504123,0.0,0.5057834610341572,0.6697286461810146,0.0
3.369879817262673e-17,0.0,3.6820143927468e-18,1.711970747983763e-17,1.0475536319508688e-18,0.6204469706921768,0.3442180135552848,0.0,0.6676550482333401,0.6129546840140779,0.3575080012628251,0.480646361498302,0.0,0.3224565781004335,1.0,0.017556013762033362,0.297716601301605,0.06928381979666184,0.0,0.8886521239231144
1.8364442887895141e-19,6.44835946734673e-20,3.2969877246655843e-19,0.006252640388522925,0.6296753644598143,0.0,0.8500893182472785,0.6005055585943405,0.002066954733107082,0.2875878868761327,0.14779123550295387,0.0010817098459815176,0.32867355079960403,0.5941186955467914,0.0,0.9936786098032617,1.0,0.6604962064474995,0.21497611869570488,1.0
0.021883149763402866,0.0010338857204671144,0.0007715136233165706,1.171421853901259,0.12425360066320057,0.0,0.21221634251766777,0.0008410218028587513,0.0018805004722090796,0.0,0.0,0.0010000047543977943,0.0004472354964764613,0.11345119954913363,0.0,0.06726349917732581,0.9880881488540671,0.022410434573269744,0.030055226229300736,0.055974569303241385
0.3306707438942708,0.509066887681155,0.0019515085113454595,0.0,0.6551569750933101,0.3037550263035622,0.23280995690317677,0.4652227823557374,0.6335827827927812,0.02112630322492573,0.01076005018100118,0.3384458661696551,0.2842652637511725,0.15402682159084008,0.2086973080205034,0.5242578746378946,0.0,0.0020466091199451697,0.6332639887214834,0.0
0.1653044858128275,0.4454132333001606,0.17603918315207903,0.13272059099791564,0.7512295132074873,0.05037172760767809,0.018116679086056263,0.029578974616615385,0.12497516545731485,0.793059480559998,0.4507646745280188,0.08615481639794101,0.020519976885251284,0.012573350374827649,0.034981168585194206,0.6123968937125018,0.16309796226679618,0.22590312343923785,0.7737643834576808,0.9684168845648193
0.028946332720151267,0.4714142054131582,0.5944616492235584,0.37364330153045033,1.68916921743474e-05,0.6124849693648187,0.04554159513628241,0.37748644446714164,0.00427182788829612,0.031856838616060576,0.018238609804965472,0.0024463732210847806,0.22056469506398596,0.027737099627216676,0.3988565897586508,1.2708011527715578e-05,0.2911436109024289,0.5725858139383158,0.9609585370564506,0.16516124086086537
1.248201135506243,0.027415968162923247,0.0,0.005894521825350731,0.0,6.370438475986467e-05,0.029992500619491883,0.0,0.0,0.03978910902005003,0.020275801647016145,0.0,0.0,0.015290269181791707,3.248293782113598e-05,0.0,0.003005634512404154,0.0,0.01398071272158441,0.0004902633170388304
2.2179722161296008e-21,3.663795007320887e-20,1.2643057098315869e-18,1.6592599235691104e-18,0.0340730857484342,0.955237841119498,0.0,0.5593935431630807,0.5650487388696561,0.0015218273993110709,0.0007792248981377051,0.300341305453947,0.3370848629722428,0.0,0.977301561402769,1.0,0.5853562613859274,0.9815229954206136,0.9615075667760042,0.9932744514171358
0.6342149705954455,0.0,0.0,0.0,0.0,0.0,0.0,0.04251874291279081,0.015186177706490665,1.0727450468711694,0.659384650354722,0.01520672546098395,0.04261619373901798,0.0,0.0,0.0,0.0,0.0,0.0,0.0029929078790335018
1.1970613722886243,0.0,0.0020145951322202895,0.05438807640698966,0.2704579187015787,0.0,0.001988527437515166,0.0019588686717997104,0.00023018744290581635,0.1553852639087906,0.08010036516334987,0.00011929069663247976,0.001015150554193503,0.001030522031333414,0.0,0.1413182905996032,0.028904683522855634,0.0010713986043920654,0.0,0.011910061532125649
1.1795070829960272e-19,7.648006968404552e-17,1.2490158091534003,0.005607895768287273,0.0,0.0061407291243397374,0.0,0.0,0.03413992034193558,0.0,0.0,0.017396302401144204,0.0,0.0,0.0031298552422176495,0.0,0.002858309167911799,1.0,0.9990181795879014,0.0004902633170388304
0.6146563284492541,0.017581106493766565,0.25267191837294595,0.29066197247367803,0.03862534949446162,0.1872860910747186,0.17019723964554215,0.6484128708836817,2.0586672778846162e-05,0.7378651177420203,0.4028180613279741,1.3025288691641181e-05,0.4458068133881748,0.14200005209490751,0.16059979403581306,0.0338585822203053,0.2623986706521467,0.2482029540611602,0.01820436665920619,0.0022638620552018
1.2958325375128581e-19,1.5331544356992351e-18,9.054387224097373e-19,3.7276807710475364e-19,6.709878779451592e-17,1.096211064020167,0.0,0.49921097191843683,0.17754043795199476,0.00898490403157853,0.004697874197044788,0.0931631843631155,0.2720485128126216,0.0,1.0,0.9827007162375119,0.13104504185040083,0.3386190386309189,0.9463200473441695,0.033549436924444564
1.6150345558886475e-84,2.6375515895899085e-68,0.0,3.48961514311581e-70,1.006114183132773e-65,1.6431148011552922e-49,2.352862473276431e-49,4.686749320818306e-33,7.654042494670958e-17,1.25,1.0,1.0,1.0,0.611906523653028,1.0,0.9983309443117808,0.008422312553850661,0.0,1.0,1.0
0.8884520360108686,0.0,0.0063704499480357986,0.0193723951587041,0.0,0.5560835666293803,0.0008947736098298653,0.008645588012520314,0.3638641319322432,0.3481436948557038,0.1935320805845998,0.21267514436206275,0.005250098171415862,0.0005433703705796933,0.35595256118904234,0.0,0.013878722158787847,0.004564663854589063,0.0,0.09621443641100122
0.0018700384394604035,0.025487280103505955,0.062361311493272155,0.9376857457562114,0.02747710228800962,0.14107610290501582,0.0,0.08373751301152886,0.1866508424098962,0.7849811746309112,0.43224012242112575,0.12291251805876227,0.05590985432427946,0.0,0.09478641652434477,0.018601641573476102,0.9543225623334777,0.7524009141348049,0.9533738394765269,0.0
3.858650982979746e-18,5.925556134203386e-17,4.3033990977713184e-18,0.9723096525243449,0.0,0.566132734479556,0.0033711073410047534,0.0,0.1533176013141349,0.2819988020104485,0.1549649873266867,0.08621941767958442,0.0,0.0019074493729613756,0.33567047872537314,0.0,1.0,0.046055891071421606,0.9586025337821282,0.08767217589058532
0.5778749717821253,0.22403996097230147,0.07656820559413259,0.8210389341136201,0.19908869579609192,0.5029553960877846,0.389908939601309,0.21640950631408323,0.00426013943091596,0.030365862205314145,0.01549649730969399,0.0021744948070265002,0.11102384223858539,0.20564431378755227,0.28424603560686873,0.12137468232801987,0.5860304743893465,0.07825149132891401,0.23545694776959178,0.9975933978257356
3.3174140933309317e-17,0.5417748359185105,0.0,0.7150110123737137,0.0,0.0,0.30029937875480306,0.16667389152247752,0.386732916887725,0.6406053098657705,0.35269405150836547,0.24366465392293649,0.11102384223858539,0.20564431378755227,0.0,0.0,0.5872025688314977,0.0,1.0,0.03347614959474027
0.0007722455623914833,0.6141071526590066,1.0231842263469364,0.001058184071081716,0.0,0.006250271724846326,0.10272548585805413,0.016183411506898816,0.3463783477708,0.0,0.0,0.17919859980321656,0.008601105903334322,0.054666680683086555,0.0033343768087872967,0.0,0.0005645222013621887,0.6558680948409632,0.9991994450270255,0.9969335490874037
6.462500084913148e-17,2.343015158027389e-18,1.0883214032743199e-19,2.525235232385411e-17,1.1337660606223745,0.004761420827027005,0.001835290511454741,0.030306930467171308,0.3995763586295225,0.20815751868207838,0.10911912886065392,0.2156392653967753,0.017013388370037394,0.001030522031333414,0.002673564616142904,1.0,0.2370043776130899,0.0010713986043920654,0.023070896952860402,0.9694611026379589
7.992021043599039e-21,7.610045248701047e-17,1.242814711305383,0.054349068623534565,0.0,0.0,0.0,0.05566235816657259,0.0,5.2831249500268396e-05,2.7009431295913844e-05,0.0,0.028466291421991752,0.0,0.0,0.0,0.027822056557582187,1.0,0.9999331425972836,0.004775630863289748
0.9943552788964292,0.380358707549798,0.01343087544522235,0.5114819207378132,0.0,0.0,0.4021079854430822,0.0,0.0,0.010366918577587444,0.005289193292172596,0.0,0.0,0.20888801096728604,0.0,0.0,0.28510597829520545,0.008030949521196151,0.23258608838877703,0.9977962557454593
4.091277108537325e-17,1.6258013502406146e-17,0.7189785865935071,0.004049703675450975,0.16227727981147635,0.0,0.6239243699653215,0.2683595018215442,0.513867742431215,0.4830502240055029,0.25792140007592546,0.3016,0.17255839955230406,0.44719392863290874,0.0,0.1413182905996032,0.003585773229086764,1.0,0.2408,0.02507734820074825
6.728755599652791e-50,7.309032378870444e-50,1.9442992014562854e-49,1.2847782173942948e-50,1.8579561539802998e-49,4.686749320818306e-33,7.654042494670958e-17,1.25,0.0,0.0,0.0,0.0,1.0,1.0,1.0,0.4483,0.03741729985222125,0.6992727692372364,0.5263008300719532,1.0
0.38727827495653966,0.0,0.9450374848993041,0.0017092854763187653,0.0,0.1488722764206921,0.0,0.016169793671304514,0.29386890740257854,0.1424264583517002,0.08399231115472729,0.17656924783452696,0.009972960037348374,0.0,0.09214813094280662,0.0,0.0010654558204619136,0.7524009141348049,0.0,0.21249411775623217
0.1854250692777907,0.21510627743284744,0.01478579448379891,0.685478742605777,0.2671644106127797,0.755475957723961,0.009414031270031518,0.007511053040118638,0.05943915359484836,0.5324547932182939,0.28838973983910954,0.03460994902192388,0.004377848750513375,0.005487162023335518,0.48628382063074344,0.2199864453402431,0.749647275181861,0.03311479983486118,0.5470903694464203,0.9653784294457046
0.12448243529948959,0.0014278680021560667,0.785204576060685,0.3105846125241663,0.0,0.2202919262890737,0.11931240999105676,0.371079045074253,0.34085624036198625,0.7113680432813554,0.38701584141318873,0.2164,0.2516,0.08564736712343236,0.1608,0.0,0.23709916521712532,0.8999,0.007301987120307503,0.9954503175406392
1.664646562482226e-33,1.7816205404362914e-33,1.1712079318780386e-34,1.4302638934842551e-33,2.643101978256865e-35,4.620699174753462e-17,8.910845958501405e-19,0.7547577488953865,0.3632473951579058,0.9278426970092317,0.5325055657710518,0.2855603638031069,1.0,0.012275453201717943,1.0,0.005947189928341756,0.33740570592633234,0.030555998929106154,0.5216,1.0
4.037520725534583e-33,2.20473068183329e-34,6.6035951421298e-17,0.0,1.0784489285771997,0.47437128434744125,0.0008295115043413638,0.018985385765117865,0.0018145638982723987,0.41719943364429696,0.21663471423304376,0.000980366082735079,0.01025780817966962,0.00044822407949345056,0.2638109415262647,1.0,0.0,1.0,0.03472880167801551,0.0
3.1469792441517003e-18,4.594082987905379e-17,0.7520288937890838,0.01285387091860113,0.9349585130929959,0.0,0.016735269269795173,0.16246877315913358,0.002523694582151357,0.0,0.0,0.0013266913123390206,0.08566730621131993,0.008878191795507417,0.0,0.5687182110287662,0.010880209135413432,1.0,0.9564591146164962,0.9593570888429375
0.3125772966623518,0.5876953754953609,0.07629319978254862,0.12287671421496188,0.0,0.7588062452693031,0.0,0.08978442749989689,0.20490991968133232,0.6707897829756051,0.36358432449953276,0.12577358517299905,0.05590985432427946,0.0,0.5342842604737108,0.0,0.11547023913195514,0.07264886100678586,0.6888094080144446,0.009195796749930985
0.0344030528690542,0.30914822815427884,0.13331059421750777,0.6490433797445996,0.3004232812215144,0.5783442875180951,0.02193195215483875,0.18171074780629634,0.7539751323156008,0.0004585986852256719,0.00023356239771674114,0.4122,0.11668017805446602,0.014243981195892291,0.401831202435896,0.24794085558481932,0.6940208130796826,0.2577632072160705,0.9294451087467095,0.0
0.482417156911774,0.6547474567962883,0.005831428586230444,0.017733243308355483,0.6734164526959631,0.026477149631505523,0.5466452341403703,0.009809383733586313,0.020931296062653863,0.34208433455933823,0.17824836075650735,0.011201394103829226,0.005250098171415862,0.304,0.015957783280249438,0.44020319032804534,0.013878722158787847,0.004564663854589063,0.5957472821479515,0.012274736653243877
0.04931378604193872,0.019596428646976676,0.1138068831983051,0.3293301408602051,0.07955024209615325,0.5259398790901757,0.5401399277493208,0.2300701353027374,0.4445545895329564,0.3745855715271817,0.23364288586147916,0.3016,0.1709650751251578,0.44719392863290874,0.616786101125083,0.1413182905996032,0.7680962688404874,0.7222417689229619,0.2408,0.7095993176464784
0.3894045056986748,0.15281381454108167,0.005306230844625021,0.8361602235983157,0.33878751233576027,0.18065241494470133,0.44572032069512335,0.11461669468792471,0.49214890109487547,0.0,0.0,0.26555843202839957,0.06581891772990534,0.2644083423052409,0.11439971931349421,0.22131032116484392,0.7046688625067019,0.008074932919328343,0.23807229960775134,0.9634063123721063
0.1501216370729279,0.8377121307554206,0.0,0.072127159394583,0.7360810710797075,0.0,0.01675458331165423,0.3874860748310392,0.004849606710935575,0.07402727522949996,0.03947306537062091,0.0025892492378909735,0.21070964433916417,0.009459214453858802,0.0,0.45283532877390625,0.05382495930716441,0.0,0.8871132276027782,0.05878144474323088
1.2112056009310604e-36,3.204467368187603e-34,1.1112517396218122e-36,5.233361208251803e-18,0.0,5.58950457116229e-17,0.9168277199420116,0.8495419874520217,0.014329811652671963,0.0,0.0,0.007298273008181616,0.4757611746048843,1.0,0.9405676003384461,0.0,1.0,0.0022076584314357772,0.9975937537399898,0.0
0.804433742564445,0.3759924297659257,0.37061312767021815,0.0,0.05122310665595539,0.12327378598152784,0.44781504319914406,0.6399087848599919,0.0904837937533749,0.025156319818714135,0.012812873483677753,0.04613271749137941,0.34321226590293935,0.2749913212667865,0.08100578824787745,0.0338585822203053,0.0,0.25171489317109735,0.2783488052309311,0.0
1.6588866764106075e-17,0.2709167537228839,0.0296010374415719,0.13767629359824085,0.48857808404926806,0.0008863157299446592,0.31963640303143814,3.678287469722073e-05,0.6199758583563372,0.7116484353173519,0.42432421746023297,0.480646361498302,3.55409540102593e-05,0.3224565781004335,0.0009793579251549944,0.6444132535039122,0.2978,0.06928381979666184,1.0,0.8886521239231144
0.16968179628298882,0.19408005159805208,0.006095838544492148,0.6215752064701728,0.24225809403928414,0.6850469536377496,0.46057797862287997,0.007511053040118638,0.05943915359484836,0.5324547932182939,0.28838973983910954,0.03460994902192388,0.004377848750513375,0.27712351618475284,0.48628382063074344,0.2199864453402431,0.749647275181861,0.0150506697116366,0.5426355397597371,0.9653784294457046
0.29363759566328507,0.48346019600996815,0.0,0.38675596262542744,0.24075400898972157,0.2557548347405594,0.022041068864323162,0.6248429166247318,0.7336684174387034,0.0,0.0,0.40543790538655666,0.4338563479162292,0.01821796289985006,0.21554556824522347,0.21509856057406068,0.3818,0.0,0.6525211195022771,0.01654196916084333
0.43597753097804787,0.17684467600835335,0.20826166577949287,0.3517932373753569,0.002491499515344702,0.0,0.6300214999549925,0.4151623779237785,0.7401008718719867,0.0,0.0,0.4122,0.2789,0.503420202931381,0.0,0.00254479762074121,0.3818,0.2653,0.24532055752006826,0.023556861841223076
0.14328623383710545,0.10780751225896211,0.3582998391774065,0.02593060669031825,0.3410658415688711,0.32646872287051565,0.1921053797791386,0.9137410680404272,0.000952506567145437,0.2939832705586703,0.16332079730105037,0.0005410826801937017,0.6069,0.19135025465053201,0.35318638888869325,0.4483,0.041143998347291946,0.7046,0.41063927236265413,0.10174699756280692
5.57635319579876e-19,2.0133922772104244e-17,8.629806783360767e-18,5.908195671172805e-17,3.908629908576339e-21,2.9190679228015525e-18,4.674691497183802e-19,0.0,1.0302380163169145,0.7078909730568607,0.3832611414792663,1.0,0.0,0.004717572958322721,0.029469511296078277,3.948786420927353e-05,0.7739,0.2577,0.9823724892669374,1.0
1.1922879877716044,0.04223900290979476,0.028203006921978167,0.0017812423629649376,2.6569939753448916e-05,0.006372775376081104,0.11616638066027157,0.07717376452750009,0.1523671625411143,0.30914911523656524,0.15910382102429582,0.08030311945062997,0.040918695052176324,0.06177502828648071,0.003399611388822771,1.4174095756509754e-05,0.000950228319352181,0.015046695288341877,0.022544002410448738,0.9999653263754539
0.0004502456254474244,0.8780736926573122,0.4177431404362345,0.3806784812827125,0.20370920683365484,0.2721939322347964,0.13730427531566888,0.4616898533076823,0.239910678627935,0.13622064832339897,0.07062033870695239,0.12570389422217157,0.2516,0.07918411713876644,0.15945222079864851,0.12265061769653385,0.23755465348467247,0.2826971540936378,0.9996735635689153,0.9801121791755746
0.7045607999698292,0.25300106044393655,0.009649302099247855,0.0007620048129932862,0.6817812877098256,0.0,0.43578098167745105,0.11424844771663983,0.31743933217050635,0.4251922152653114,0.22494353540460582,0.17758886340148447,0.06574333140913471,0.25872531629635354,0.0,0.4702522950797432,0.0006479575583352298,0.008205346468599536,0.2194747670841016,0.9782876183169136
0.9506491309208255,0.34992326653161404,0.41512152477036235,0.522646304904193,0.06458072248355888,0.15696091105246004,0.0,0.0,0.24289162519296426,0.025136998064539014,0.012812873483677753,0.12461818211486193,0.0,0.0,0.0818,0.0338585822203053,0.2835565005504033,0.24759361670642993,0.22453438227983324,0.0009610080358052886
0.0010273802953977111,0.0,0.011963391683484124,1.0058350128584292,0.3644891894491744,0.1308941924905528,0.0035471081849057307,0.0,0.42767798450378086,0.0,0.0,0.24046510953464378,0.0,0.0020949852310964967,0.0775,0.22131032116484392,0.992400541971723,0.9454628034989292,0.0,0.1004556378019178
0.34212108612350084,0.13425840595158786,0.0,0.7345704219035998,0.2976263147285302,0.15870393845424333,0.6251377483373117,0.20743887204034037,0.4899226131781304,0.1154120004598386,0.0605761093478322,0.26555843202839957,0.12016275963757536,0.39052008947625,0.11439971931349421,0.22131032116484392,0.7046688625067019,0.0,0.23807229960775134,0.9634063123721063
1.4775702717169091e-18,4.124657211957861e-17,0.674039715962301,0.460868296233241,0.350462695413617,0.31289854685589075,0.24529106769164874,0.7840077945659177,0.014329811652671963,0.0,0.0,0.007298273008181616,0.43163705933626434,0.1621623223626136,0.21554556824522347,0.2581040224682166,0.3818,1.0,0.97720420535795,0.0
0.4036423376667645,0.16179691442385286,0.0,0.29733311916367733,0.2131810837473335,0.19327505942245551,0.4137525433841668,0.3415246161381365,0.6088284478801839,0.02200323145415366,0.013875540628656813,0.4122,0.2789,0.3842,0.2087,0.2448,0.3818,0.0,0.2427,0.598
7.644913640427438e-17,1.2485091449632866,0.0,1.1673351748951023e-07,0.0,0.0,3.481225001245673e-05,3.508690434634749e-05,0.0,0.030420201820256405,0.015508313308175814,0.0,1.7890951887379256e-05,1.775090455860594e-05,0.0,0.0,5.9522884258908775e-08,0.0,1.0,0.0011215694858194292
2.1106160572988148e-17,0.3446897601444446,0.037661659367876514,0.17516675497483372,0.6216221783575483,0.0,0.40667571573363664,0.0,0.7887997835995315,0.0,0.0,0.480646361498302,0.0,0.3224565781004335,0.0,0.6444132535039122,0.2978,0.06928381979666184,1.0,0.8886521239231144
0.1090727169451102,0.0820655128848337,0.27274592885527715,0.2962116999579769,0.3611642018755557,0.3378892999496912,0.15452345802691816,0.9438810711571536,0.02061275321142637,0.0,0.0,0.011334222660901214,0.6069,0.1481,0.3467,0.4483,0.4907,0.7046,0.41063927236265413,0.10271326468279811
1.688011934319093e-17,0.2756732693041541,0.5447968639587424,0.04897696838817007,0.5173486580269521,0.0,0.17989955946377553,0.27496901443264615,0.895455265081146,0.09919831683162716,0.050574467547438384,0.5104615814197202,0.2055749410231239,0.14051487573133303,0.0,0.44649512630667965,0.05095719876853026,0.7017786951246647,1.0,1.0
0.5102142156734549,0.29531915502964046,0.9893826186495737,0.0998480526191122,0.06431358286666931,0.016202719755749346,0.09134676100161769,0.3529714870242019,0.011026211270814339,0.05750818780737746,0.030134302263598867,0.0057821355228246385,0.18781567883751638,0.05011829346255847,0.008908482447428577,0.03538102857694274,0.05505493835565286,0.6579069274232563,0.334031792785161,0.9640868030097172
0.017992394867725216,0.021140244890442902,0.535058991321655,0.4320101675917179,0.2213580407861769,0.08844980913681648,0.49868398010694825,0.5748912426588763,0.03327078597664558,0.1919719436256588,0.1147,0.0201,0.3675,0.3822,0.0775,0.1981,0.432,0.967,0.5511,0.767
0.3539349337270957,0.14187208535872606,0.0,0.2607173926163986,0.16229551332486278,0.1724077715827636,0.3576923021276131,0.5113299144148128,0.6003854714785684,0.0,0.0,0.40543790538655666,0.4338563479162292,0.38411916540481456,0.21554556824522347,0.21509856057406068,0.3818,0.0,0.2427,0.598
0.04270986490795656,1.0808668101583156,0.0,0.3140056359133996,0.4629255702932674,0.00017772688984569603,0.2811125548490856,5.130837229360589e-06,0.02157008959187577,0.0036897491854799933,0.0018791765581646826,0.010986149559018443,2.6135144755681013e-06,0.1444271043018306,9.291014790187334e-05,0.24824687529338663,0.17985874198811994,0.0,0.97485739586697,0.0
2.0631404960011402e-05,0.6235800802112265,0.014741243397628568,0.20181504782532939,0.5826455407758049,5.08383528565188e-06,0.7397758733428234,0.00044046992772528063,0.41028683080264294,0.2786065663560545,0.14309505035267361,0.21862112205329937,0.0002443874255867451,0.44606629205630277,3.690038595306191e-06,0.4625398420082054,0.1992103686789168,0.015046695288341877,0.9999789371714376,0.0
0.5365296303326925,0.01572713310152331,0.2999335675968661,0.8213599197908144,0.3688630447882072,0.0051544843642131796,0.45047257787445494,2.3762447806163546e-05,0.23500698561926178,0.24252315543103048,0.1266554864226328,0.12518067606255073,1.2823188735382055e-05,0.24942599337120744,0.0030096387204201352,0.21971183463924354,0.5909026920570779,0.3243978961582672,0.018655703611441088,0.9765445712604816
2.94999668457017e-17,0.0,6.287851201268704e-19,5.729082305284166e-17,0.0,1.9088238784465532e-17,0.0,1.0976297141022542,0.4355102436902092,0.0012733127527911274,0.0006864548656706077,0.24046510953464378,1.0,0.0,0.18332783766310073,0.0,0.6972226217379142,0.013567352049179665,0.0,0.07470796659083073
0.4233378789166809,1.0151866087607715,0.1329995573906301,0.021142581034368137,0.07639434129033162,0.269909998606074,0.4721842008791905,0.014539807876009564,0.0,0.048886890310676924,0.02514939643652908,0.0,0.0074839319373244395,0.2493832409319808,0.15175448918038836,0.04381910774242154,0.012147119566753378,0.07660671203703467,0.7484846688568723,0.9876692058482648
0.16258841446913877,0.46183036188288495,0.1814178192747977,0.14037331140342105,0.7755059355710503,0.05262632405193172,0.014486042316768062,0.0,0.12894145285631187,0.7576374350047373,0.4267331145255925,0.08615481639794101,0.0,0.009739045590009904,0.03540196953940927,0.6123968937125018,0.16719569952214236,0.22590312343923785,0.7845029806557525,0.9685906674909097
