obj_0,obj_1,obj_2,obj_3,obj_4,obj_5,obj_6,obj_7,obj_8,obj_9,var_0,var_1,var_2,var_3,var_4,var_5,var_6,var_7,var_8,var_9
0.0,0.07457365501180917,10.865144966031895,0.0,0.0,0.0,0.3446126726881887,0.10216299531546381,1.1795684604525207,0.43393725050012133,0.9666202114999907,0.9061306246859648,0.9910277041623132,0.9694609575243851,1.0,1.0,1.0,0.006816779991796029,0.0,0.0
0.01712711750723701,0.15715330175014747,7.179206274038788,0.0,0.0,0.0,3.5223573550799583,0.0,0.0,2.12415595162387,0.8366033883366254,1.0,1.0,0.6761302075119512,1.0,1.0,1.0,0.023700378681077605,0.09827333202557301,0.0
0.0,0.1532385805112136,0.37902722119744287,5.783499458674048,0.0,0.0,0.0,0.0,0.0,0.0,1.0,1.0,1.0,1.0,1.0,1.0,0.08427574169791163,0.2878986025765582,0.0,0.30636130608220175
0.009432552748301314,3.6954097408053627e-06,3.4666819746115802,0.039742708156646246,7.930293935441516,0.0,0.0,0.0,1.5538451336321981,1.7319479184152442e-14,0.9999999999999987,0.8804734512590615,1.0,1.0,1.0,0.3071652421248393,0.9886961660493847,0.0027145935648079655,0.9996083814585084,0.0
0.0,5.971139786603071,3.0871832846434866,0.0,0.0,0.0,0.0,3.9416769287534428,0.0,0.0,1.0,1.0,0.6967940824035813,1.0,1.0,1.0,1.0,0.6591882117294978,0.0,1.0
0.0,4.482543019413787,0.0,0.0,0.0,0.0,0.06235680275901314,8.434457181526907,0.02064299630029287,0.0,1.0,0.9984120772076698,0.3501637115673216,0.9862798289953942,1.0,1.0,1.0,1.0,0.0,1.0
0.0,0.0,7.2534766551669865,0.0,0.0001435923317006598,0.0,0.0,0.0,1.4130464191680214,4.333333333333292,0.6666666666666698,0.8369561824036906,1.0,1.0,1.0,0.9999802040461451,1.0,0.0,0.6583385922345377,0.0
0.0,0.0,0.0,0.5202194350418045,0.0,0.0,0.0,0.31288718088424966,1.2449479741008695,1.0390272950134551,0.6666666666666681,0.4009069924940038,0.624433205903119,1.0,1.0,1.0,0.0,0.34407072849696396,0.1745349534528402,0.30260618357442215
0.0,0.0,12.084578749142748,0.0,0.0,0.0,0.0,0.0,0.0,0.9154212508572511,0.9295829807032884,1.0,1.0,1.0,1.0,1.0,1.0,0.0,0.7554754783738533,0.0
0.0,0.0,0.0,0.0,10.713073995818105,0.0,0.0,2.2869260041818955,0.0,0.0,1.0,1.0,0.8240826150629311,1.0,1.0,0.0,1.0,0.8533658078639919,0.974822476229279,0.0
0.0,0.0,0.0,2.0017959888252594,0.0,2.090357869860606,0.0,0.0,0.4599749919916868,2.2760644253387676,0.6666666666666675,0.8989538725549865,1.0,1.0,0.48917906265335453,1.0,0.0,0.38478036713745245,0.3184152821033526,0.5080921845578704
0.0,11.80695377696861,0.29403613636377957,0.0,0.0,0.5283691715528919,0.0,0.0,0.0024792350380941786,0.36816168007662253,0.9716798707633367,0.9998037312562666,1.0,1.0,0.9581634215955392,1.0,1.0,0.9757014807491227,0.0,1.0
0.477092006080617,0.004173577868129047,0.0,0.0,11.501375838694088,0.0,0.0,0.0,0.4404259270783181,0.5769326502788481,0.9556205653631655,0.9645477308719409,1.0,1.0,1.0,0.04016356385657416,1.0,1.0,0.991327911225471,0.0
0.0,7.520097423049754,5.267197967748847,0.0,0.0,0.0,0.0,0.0,0.0,0.21270460920139977,0.9836381069845077,1.0,1.0,1.0,1.0,1.0,1.0,0.5880913198001992,0.0,1.0
0.0,8.173885689012243,4.825276572575274,0.0,0.0008377384124833576,0.0,0.0,0.0,0.0,0.0,1.0,1.0,1.0,1.0,1.0,0.9999355585836551,1.0,0.6288009584406873,0.0,1.0
0.0,0.0,10.17388073844002,2.6565429939397376,0.0,0.16722907144176527,0.0023471961784763407,0.0,0.0,0.0,1.0,1.0,1.0,0.9998194464478095,0.9871339022540595,1.0,0.7929497069348147,0.0,0.019695850241649104,1.0
0.0,7.907202243438073,0.0,0.0,0.0,0.0,0.0,5.092797756561927,0.0,0.0,1.0,1.0,0.6082463264183133,1.0,1.0,1.0,1.0,1.0,0.0,1.0
0.0,0.0,0.2733997052862243,0.0,0.0,0.0,8.679065176496875,0.0,0.0,0.0,1.0,1.0,1.0,0.03053904247561484,1.0,1.0,1.0,0.0,1.0,0.10235503504972732
0.0007901355574196347,0.054823750979159515,3.070105886662292,0.0063587444741586025,4.141144693476296,0.0,0.0,0.0,1.39344345551738,4.333333333333295,0.6666666666666696,0.8392180628249184,1.0,1.0,1.0,0.430631430762606,0.9979698004254112,0.017792345626576667,0.014207522736249256,1.0
0.0,0.0,0.0,0.0,7.53604059098861,0.0,0.0,0.0,1.3627903120282268,4.101169096983163,0.6845254540782182,0.8468573763362308,1.0,1.0,1.0,0.0,1.0,0.011277133576647873,1.0,0.0
8.139277034466298,0.021444215851771337,0.25716427767597866,0.0,0.28958788506798144,0.0,0.0,0.0,0.0,4.29252658693797,0.6698056471586177,1.0,1.0,1.0,1.0,0.9667426047338172,1.0,0.9694502524629531,0.9973722646327449,0.0
0.0,7.6451871574025905,5.3548128425974095,0.0,0.0,0.0,0.0,0.0,0.0,0.0,1.0,1.0,1.0,1.0,1.0,1.0,1.0,0.5880913198001992,0.0,1.0
0.0,0.0,10.209443899055039,0.0,0.0,0.0,0.0,2.790556100944962,0.0,0.0,1.0,1.0,0.7853418383888491,1.0,1.0,1.0,1.0,0.0,0.6278419039703282,0.0
0.8216053053937907,0.0066653508736835955,11.963521476597247,0.0,0.20376529873984767,0.0035898284100508854,0.0,0.0008527343229727811,0.0,5.662407431827887e-09,0.9999999995644302,1.0,0.9999344050520504,1.0,0.9997238412383331,0.9843203879624047,1.0,0.0647501653923439,0.991952689832427,0.0
0.0,0.0,0.0,0.0,9.422788101054763,0.3239089263630937,0.0,0.0,0.0,3.2533029725821425,0.749745925185989,1.0,1.0,1.0,0.966767313536891,0.0,0.8438571134392872,0.01651901672514866,0.9999909170940677,1.0
4.592589890243394e-05,0.001459713719247385,0.08964019812760554,0.0008877558168336267,6.103729149819687,3.5509342840355815,0.0,0.0,0.0,3.2533029725821425,0.749745925185989,1.0,1.0,1.0,0.6356781918996088,0.014854279831952977,0.990354002462917,0.01651901672514866,0.03050258398412048,1.0
12.600606319256563,0.0,0.0,0.0,0.0,0.0,0.0,0.3531552754667517,0.04623840527668566,0.0,1.0,0.9964431995941011,0.9727372413885856,1.0,1.0,1.0,1.0,1.0,1.0,0.0
0.0001939202672732535,0.02115540970144805,0.02755266063265086,0.001917407766668922,0.0003046518577223068,0.08997055733129583,0.0,8.68046450347317,0.0,0.0,1.0,1.0,0.015994293727583653,1.0,0.36233879601024876,0.9940409287531609,0.9622701600522149,0.43657384303129476,0.009083201559831819,0.6918056371424971
0.0,3.714653663857751,0.0,0.0,4.952013002808955,0.0,0.0,0.0,0.0,4.333333333333295,0.6666666666666696,1.0,1.0,1.0,1.0,0.42861388429127706,1.0,1.0,0.0,1.0
0.0,12.628925070086561,0.750668293480166,0.012238313189840496,0.0,0.0031920065591323145,0.0,0.0035637212980101263,0.006328844406504456,0.4610229371000326,0.9667514092690155,0.9995278713951706,0.9997340226107132,1.0,0.9997617020593171,1.0,0.9990861359756275,0.9438945360234735,0.0,0.9967686963042866
2.278322470242406,0.0,3.8531272793557445,0.0,0.0,0.06157597091275565,0.0,0.0,0.016832769297451575,0.09988459939408745,0.984169783463131,0.9972893473619282,1.0,1.0,0.9900572073019461,1.0,1.0,0.3715797345304388,1.0,0.30635629881003146
0.0,11.04321617203412,1.2069719384895325,0.7498118894763488,0.0,0.0,0.0,0.0,0.0,0.0,1.0,1.0,1.0,1.0,1.0,1.0,0.9423221623479732,0.901473191464491,0.0,0.0
0.0,0.0,0.5818171830116058,0.0,12.358248058670233,0.0,0.0,0.0,0.05993475831816142,0.0,1.0,0.995389633975526,1.0,1.0,1.0,0.04496246132805326,1.0,0.0,0.0,0.0
0.0,11.046332879791368,0.0,0.0,0.0,1.6872346295677207,0.23694989187827176,0.0,0.0,0.0294825987626387,0.9977321077874893,1.0,1.0,0.9817316546018691,0.867497099432063,1.0,1.0,1.0,0.0,1.0
0.0,0.0,0.0,0.0,8.65539903588895,0.0,0.01126763077775481,0.0,0.0,4.333333333333295,0.6666666666666696,1.0,1.0,0.9986998887564129,1.0,0.0,1.0,1.0,0.0,1.0
0.7152616042329283,0.006257074030380213,12.120359911345291,0.0,0.14157774941668208,0.0,0.0,0.0,0.01588114216946944,0.000662518805249146,0.9999490370149808,0.9987783114183747,1.0,1.0,1.0,0.9890955269752684,1.0,0.05618482321170265,0.991327911225471,0.0
0.0,0.0,0.0,0.0,0.0,0.0,0.0,0.0,0.0,4.743259790316056,0.0,0.9915760957878114,0.0,1.0,0.9998588064850912,0.5219239730810847,0.0,0.9946949318695717,0.6067796420993326,0.6951117819390897
0.0,8.663532045491053,0.0,0.0,0.0,0.0,0.0,0.00313462117575019,0.0,4.333333333333197,0.6666666666666772,1.0,0.9996383129412596,1.0,1.0,1.0,1.0,1.0,0.0,1.0
0.0,0.4384715087247385,11.075104001823194,0.0,0.0,0.0,0.0,1.4864244894520675,0.0,0.0,1.0,1.0,0.8856596546575333,1.0,1.0,1.0,1.0,0.038083001090585766,0.0,0.0
0.0,0.0,0.0,0.0,0.0,0.0,8.9524648817831,0.0,0.0,0.0,1.0,1.0,1.0,0.0,1.0,1.0,1.0,0.0,0.4836200526117343,0.10235503504972732
0.0,0.0,0.0,0.0,11.891605363881656,0.0,0.0,0.0,0.011733825901900863,1.0966608102164428,0.9156414761371967,0.9990142408180747,1.0,1.0,1.0,0.0,0.021731498889962897,0.0,0.9944449156570172,0.0
3.5158609309262685,0.0,0.0,0.0,7.930293935441516,0.0,0.0,0.0,1.5538451336321981,1.7319479184152442e-14,0.9999999999999987,0.8804734512590615,1.0,1.0,1.0,0.3071652421248393,1.0,1.0,1.0,0.0
0.0,13.0,0.0,0.0,0.0,0.0,0.0,0.0,0.0,0.0,1.0,1.0,1.0,1.0,1.0,1.0,1.0,1.0,0.0,1.0
0.002361668278320731,0.21035430376697611,6.377291144958168,0.010779116096396403,6.3992137669001385,0.0,0.0,0.0,0.0,0.0,1.0,1.0,1.0,1.0,1.0,0.5077527871615278,0.9983669951251649,0.03227856484349606,0.011102449221903399,1.0
0.0,0.0,0.2168857018036078,0.39926665962406177,0.0,0.0,0.0,10.70479022210285,1.6790574164694796,0.0,1.0,0.8708417371946554,0.054425888735098404,1.0,1.0,1.0,0.3520001145513229,0.0,1.0,0.0
0.0,0.0,2.180556741326189,0.0,6.346335220772525,0.0,0.0,0.0,0.008465605631540737,4.464642432269744,0.6565659667484812,0.9990081721164739,1.0,1.0,1.0,0.2557270282089385,1.0,0.0,1.0,0.0
0.08234441423466334,0.0,0.10411228708054641,0.0,0.0,0.27430614410214216,0.0,12.539237154582649,0.0,0.0,1.0,1.0,0.03544329580133476,1.0,0.4046695673699995,1.0,1.0,0.4416275395511692,1.0,1.0
0.0,0.0,0.0,0.06594782256410299,12.024838003975407,1.0575016597283298,0.26078194300117846,0.0,0.0030623941077073716,0.0,1.0,0.999771669847267,1.0,0.9805518239444753,0.9195711486508953,0.005454386795881061,0.0,0.978553604254246,1.0,0.9976859581721765
0.0005679365913403176,0.0,0.0,0.06587588845534535,11.44059510113485,0.0,0.007541146841915524,0.022735679435131162,1.4626842475414183,0.0,1.0,0.8874858271121986,0.998029378763402,0.9993450784315111,1.0,0.0057741896479995836,0.008547620353603458,1.0,1.0,0.0
0.0,0.0,0.729812361498182,0.0,0.0,0.0,0.0,12.270187638501818,0.0,0.0,1.0,1.0,0.056139412422937074,1.0,1.0,1.0,1.0,0.0,0.5382456417009631,0.0
0.0,7.586521306000235,5.313722330613401,0.0,0.06922123460254001,0.0,0.0,0.0,0.0,0.030535128783823473,0.9976511439397059,1.0,1.0,1.0,1.0,0.9946627532215175,1.0,0.5880913198001992,0.0,1.0
0.0,2.865433108741409,0.0,0.0,5.189773468270961,0.0,0.0,4.944793422987629,0.0,0.0,1.0,1.0,0.6196312751547978,1.0,1.0,0.3557243481400798,1.0,1.0,0.0,1.0
0.0,0.0,0.0,0.0,13.0,0.0,0.0,0.0,0.0,0.0,1.0,1.0,1.0,1.0,1.0,0.0,1.0,0.8618075097661557,1.0,0.0
0.0,0.0,0.0,0.0,12.2516485275596,0.0,0.027131470911775084,0.0,0.7212200015286251,0.0,1.0,0.9445215383439519,1.0,0.997790377308238,1.0,0.0,0.9709093374772231,0.8618075097661557,1.0,0.0
0.0013988689021638178,0.5309488399255483,5.951376282162719,0.0,6.285726329974148,0.0,0.0,0.0,0.0,0.23054967903542212,0.9822654093049675,1.0,1.0,1.0,1.0,0.5077527871615278,1.0,0.08210523914457879,0.002627735367255135,1.0
0.0,8.367173040214634,4.247812237212894,0.0,0.36041719465224875,0.0,0.0,0.024597527920223405,0.0,0.0,1.0,1.0,0.9981078824676751,1.0,1.0,0.9722230431443042,1.0,0.6632725172645532,0.0,1.0
0.0,1.3697626663285016e-05,7.377429737592113,0.0,0.0,0.0,0.0,0.0,1.437167879355874,4.185388685425351,0.67804702419805,0.8369561824036906,1.0,1.0,1.0,1.0,1.0,1.856690164223376e-06,0.0,0.0
0.2455548505201109,0.0,0.0028976652837982625,0.0008007009529734419,12.240089962846989,0.0,0.0,0.0,0.3859373844627009,0.1247194359334276,0.9904061972358902,0.9700249340165986,1.0,1.0,1.0,0.01995727182546586,0.9967876003231106,0.988337146539159,1.0,0.0
0.0,0.0,0.0,6.315765260382705,0.0,0.0,0.0,0.0,0.0,0.0,1.0,1.0,1.0,1.0,1.0,1.0,0.0,0.2878986025765582,0.0,0.30636130608220175
0.0,0.0,0.0,0.0,0.060049867557128905,0.0,0.028764190578363394,0.0009786922255236518,0.0,2.4977030505258973,0.034702568533729716,1.0,0.9891005429548736,0.6761302075119512,1.0,0.0,0.9739211784377051,0.9713117542962708,0.0076594966859556135,0.6989517763518363
0.021058942015279494,0.0,0.00620663154046991,0.008520050971240967,0.0,0.0,0.8906372731999684,0.0,0.07552819772861556,2.892211856880268e-15,0.9999999999999971,0.9246188780358847,1.0,0.0386277418388436,1.0,1.0,0.7619141461450549,0.7723638005347906,1.0,0.3999012272806088
5.739324166492619,0.14362454219472184,0.0,0.0,7.050117067111765,0.0,0.0,0.0,0.0,0.06693422420089479,0.9948512135230081,1.0,1.0,1.0,1.0,0.4548765784285858,1.0,1.0,0.9755863004580285,1.0
0.00228483588998891,5.006969719090049e-06,0.13632875035364758,0.0013501380369086745,9.2828193698045,0.3239089263630937,0.0,0.0,0.0,3.2533029725821425,0.749745925185989,1.0,1.0,1.0,0.966767313536891,0.014854279831952977,0.990354002462917,0.01651901672514866,0.9978134002960672,1.0
0.0,3.732139066609269,0.0,0.0,4.934527600057437,0.0,0.0,0.0,0.0,4.333333333333295,0.6666666666666696,1.0,1.0,1.0,1.0,0.430631430762606,1.0,1.0,0.0,1.0
0.0,0.0,0.0,0.0,0.0,0.0,0.0,0.5001778441596766,0.0,5.553089589934465e-17,0.9999999999999999,1.0,0.0,0.5480743430410421,0.5316958844629178,0.6253963344261819,0.9919211428261447,0.5765052193461193,0.4324026251846107,0.4999575614946945
0.0,11.153056490940763,0.10104460679540389,0.0,0.1101189670085013,0.0,0.0,3.0059764481675013,0.0,0.0,1.0,1.0,0.7908186958009574,1.0,1.0,0.9903100286353901,1.0,0.991021530203267,0.0,0.9960019759997886
0.0,4.552128250375181,0.0,0.0,0.0,0.0,0.0,8.447871749624818,0.0,0.0,1.0,1.0,0.3501637115673216,1.0,1.0,1.0,1.0,1.0,0.0,1.0
0.0,0.0,7.750740031521185,0.0,4.629960244413167,0.0,0.0,0.0,0.020607988398840392,0.5986917356668074,0.9539467895640917,0.998338240775926,1.0,1.0,1.0,0.6260340577493101,1.0,0.0,0.949191504215813,0.0
0.0,0.0,0.0,0.0,0.0,4.998157964078872,0.0,0.0,0.0,2.7745350262169813e-15,0.9999999999999994,1.0,1.0,1.0,0.0,1.0,1.0,0.0011554207185097143,1.0,0.20021839953140286
0.0,0.0,4.884678927150056,0.0,2.9178980519862505,0.0,0.0,0.0,0.8640896875303511,4.333333333333343,0.666666666666666,0.9002973437464978,1.0,1.0,1.0,0.6260340577493101,1.0,0.0,0.9485645456783582,0.0
0.008445670839873846,0.007085470693363201,0.017029739783098408,0.019031857486249772,0.0,2.5581599331841893,0.0,0.22200609580917802,0.016631502099970625,5.059757537210757e-15,0.9999999999999982,0.9941610873075415,0.9216013389509261,1.0,0.01976920623796441,1.0,0.631113642579174,0.47698775049572245,0.5437894453411484,0.7017806717279786
0.05577392504090423,0.02894528434282028,7.179301526894672,0.0,0.12300003685895046,0.0,0.0,0.0,1.3358421073820426,4.27713711948061,0.6709894523476454,0.8468573763362308,1.0,1.0,1.0,0.9833491686789029,1.0,0.011662853460840894,0.6583385922345377,0.0
0.0,5.924035077843923,0.0,0.0,0.0,0.0889054577948069,2.653726131028004,0.0,0.0,4.333333333333266,0.6666666666666718,1.0,1.0,0.6938008310352327,0.9852143128195159,1.0,1.0,1.0,0.0,1.0
0.0,2.881684862346686,0.0,0.0,5.173521714665684,0.0,0.0,4.944793422987629,0.0,0.0,1.0,1.0,0.6196312751547978,1.0,1.0,0.35774189461140876,1.0,1.0,0.0,1.0
0.012401088978869285,2.073204793125021e-05,9.883219195984639,0.0,0.0,0.0,0.0,2.677395014633281,0.4269639683552793,0.0,1.0,0.9671566178188247,0.7870526253249716,1.0,1.0,1.0,1.0,0.001255282099001609,0.9983309976945796,0.0
0.0,7.3748198880790845,0.0,0.0,0.015053010115140285,1.1287410580164197,0.1493589496791715,0.0,0.0,4.332027094110182,0.6667671466069091,1.0,1.0,0.9827688721110696,0.867497099432063,0.9979630217836604,1.0,1.0,0.0,1.0
0.0,0.0,8.122673306697413,0.0,0.050702138580497436,0.0,0.7790894365051897,0.0,0.0,0.0,1.0,1.0,1.0,0.9129748681739576,1.0,0.9937966707977681,1.0,0.0,1.0,0.10235503504972732
1.1401955703639988,0.4382874857594149,0.0,0.0,0.0,0.0,0.0,0.0,0.0,0.0,1.0,1.0,1.0,1.0,1.0,1.0,1.0,1.0,0.7223362746535891,0.5033107756358899
0.0,5.486111592943355,0.0,0.0,7.313547480198355,0.0,0.0,0.0,0.0,0.20034092685829052,0.9845891594724392,1.0,1.0,1.0,1.0,0.42861388429127706,1.0,1.0,0.0,1.0
0.0,0.0,0.0,0.0,0.0,0.0,0.0,12.852919244415153,0.14708075558484768,0.0,1.0,0.9886860957242425,0.0,1.0,1.0,1.0,0.4303242603157924,0.0,0.011167701006742359,0.0
0.0,5.971126992383453,3.087176669809074,0.0,0.0,1.940905403024558e-05,0.0,3.9416769287534428,0.0,0.0,1.0,1.0,0.6967940824035813,1.0,0.9999978573237146,1.0,1.0,0.6591882117294978,0.0,1.0
0.004135138761177286,0.07460340066900742,0.0,0.0,0.0,0.0001809705143290199,0.0,11.22280038864523,1.6982801014102575,0.0,1.0,0.8693630691222879,0.006982964597659291,1.0,0.9977068976422148,1.0,1.0,1.0,0.052517341458229616,0.0
0.0,3.7798393473365923,0.0,0.0,5.038912181412049,0.0,0.0,0.0,0.0,4.18124847125136,0.6783655022114339,1.0,1.0,1.0,1.0,0.42861388429127706,1.0,1.0,0.0,1.0
11.389058852761101,0.03000628131379862,0.359842659351325,0.0,1.221092206573776,0.0,0.0,0.0,0.0,0.0,1.0,1.0,1.0,1.0,1.0,0.9060698302635557,1.0,0.9694502524629531,0.9973722646327449,0.0
0.0,6.241634333817367,6.758365666182634,0.0,0.0,0.0,0.0,0.0,0.0,0.0,1.0,1.0,1.0,1.0,1.0,1.0,1.0,0.48012571798595133,0.0,1.0
0.0,5.250407193407085,3.41625947325967,0.0,0.0,0.0,0.0,0.0,0.0,4.333333333333244,0.6666666666666735,1.0,1.0,1.0,1.0,1.0,1.0,0.6058162146238882,0.0,1.0
0.0,0.0,7.491581373312817,0.0,5.508418626687169,0.0,0.0,0.0,0.0,1.4432899320127035e-14,0.9999999999999989,1.0,1.0,1.0,1.0,0.5762754902548327,1.0,0.0,0.8907550628695343,0.0
0.0,0.0,5.668087071704079,1.8676436011095425,0.0,0.0,0.0,5.464269327186378,0.0,0.0,1.0,1.0,0.5796715902164324,1.0,1.0,1.0,0.7521615776626185,0.0,0.24988128170498314,0.0
11.495806022919494,0.0,0.0,0.0,0.0,0.0,0.5241752299757192,0.0,0.9799493546525968,6.939245219017565e-05,0.9999946621190623,0.9246188780358847,1.0,0.9563913438010178,1.0,1.0,1.0,1.0,1.0,0.0
2.027092670633322,0.0,0.0,0.0,9.183466341865627,0.0,0.0,0.0,1.789440987501036,1.4432899320127035e-14,0.9999999999999989,0.8623506932691509,1.0,1.0,1.0,0.18081994558641212,1.0,1.0,1.0,0.0
0.0,0.0,0.0,0.0,0.0,0.0,0.0,0.0,1.8496209121014735,0.0,1.0,0.0,0.4746531518459825,0.43174248425397166,0.5562177899154486,0.43447396013195794,0.5848809745094883,0.43431143548752305,0.3999091166906359,0.4962946707445304
0.0,0.0,0.0,0.8279123628860658,0.0,0.0,0.0,0.005194253039988205,1.2449479741008695,1.0390272950134551,0.6666666666666681,0.4009069924940038,0.9937652001068141,1.0,1.0,1.0,0.0,0.9932188567743836,1.0,0.30260618357442215
0.0,0.0,0.0,2.832595880277719,0.0,0.0,0.37790643595305345,1.5538343934286662,0.0,0.0,1.0,1.0,0.673861339338517,0.8822905580716954,1.0,1.0,0.0,0.4748595621478948,0.13297222489100363,0.493380903463421
0.0,0.0,8.765243518194378,0.0,4.1911116160137345,0.0,0.0,0.04364486579187528,0.0,1.2989609388114332e-14,0.999999999999999,1.0,0.9966427026313942,1.0,1.0,0.6765207828436162,1.0,0.0,1.0,0.0
0.0,8.174412459728934,4.825587540271066,0.0,0.0,0.0,0.0,0.0,0.0,0.0,1.0,1.0,1.0,1.0,1.0,1.0,1.0,0.6288009584406873,0.0,1.0
0.0,8.86560432510998,0.0,0.0,0.0,0.38710155500692595,0.0,2.068308824556248,1.6789852953268465,0.0,1.0,0.870847284974858,0.8173035828932825,1.0,0.9581634215955392,1.0,1.0,1.0,0.0,1.0
0.0,0.0,8.102575926368083,0.6602797132950501,3.8097209780477637,0.0,0.0,0.0,0.4274233822890841,1.7319479184152442e-14,0.9999999999999987,0.967121278285455,1.0,1.0,1.0,0.696981685306969,0.92465016651576,0.0,0.0,0.0
0.0,0.0,0.27383512479000616,6.067749039961426e-06,0.0008130908417746268,0.0,0.0,12.725345716619179,0.0,0.0,1.0,1.0,0.02112725256775544,1.0,1.0,0.9970395843393884,0.999977842088023,0.0,0.0,1.0
0.0,4.951347222485669,0.0,0.0,8.04865277751433,0.0,0.0,0.0,0.0,0.0,1.0,1.0,1.0,1.0,1.0,0.3808728632681284,1.0,1.0,0.0,1.0
0.0,0.8918389689509457,0.00428773568626949,0.0,12.091967974724264,0.0,0.0,0.011905320638521122,0.0,0.0,1.0,1.0,0.9990842061047291,1.0,1.0,0.06899600955798318,1.0,0.9952152573245707,0.0,1.0
0.0,9.052933088368412,0.0,0.0,0.0,0.0,3.947066911631588,0.0,0.0,0.0,1.0,1.0,1.0,0.6963794683360317,1.0,1.0,1.0,1.0,0.0,1.0
2.40844866897802,0.0,0.0,0.0,9.28484000552885,0.0,0.0,0.0,1.3067113254931169,1.4432899320127035e-14,0.9999999999999989,0.899483744192837,1.0,1.0,1.0,0.205968460714461,1.0,1.0,1.0,0.0
0.002754115154008179,0.004113747710735795,0.007530542246511736,0.008415877673717381,0.0,1.1312170177313305,1.4710489860745732,0.22330998330505097,0.0,0.0,1.0,1.0,0.9216013389509261,0.4396175257614745,0.01976920623796441,1.0,0.631113642579174,0.47698775049572245,0.40101487293032156,0.7017806717279786
0.12651789195929983,0.0,0.0021446301587926073,0.0004146474578395162,12.610068295031157,0.0,0.0,0.0,0.2608545353929117,0.0,1.0,0.9799342665082376,1.0,1.0,1.0,0.010132325589227664,0.9967876003231106,0.9833313530351584,1.0,0.0
0.0,0.0,10.970142474710734,2.029857525289267,0.0,0.0,0.0,0.0,0.0,0.0,1.0,1.0,1.0,1.0,1.0,1.0,0.8438571134392872,0.0,0.22256848716036876,0.0
0.0,0.0,12.427149362811079,0.23064309293007304,0.0,0.0,0.0,0.0,0.3422075442588395,8.659739592076221e-15,0.9999999999999993,0.97367634274932,1.0,1.0,1.0,1.0,0.9817785689142453,0.0,1.0,0.0
0.014949592702347829,12.428124124406795,0.043929926668599385,0.0,0.0,0.3276025046732962,0.0,2.5828806857675066,0.0,0.0,1.0,1.0,0.8322530999002089,1.0,0.974435226422242,1.0,1.0,0.9964819481180748,0.0012014388922081398,0.005211512055104783
0.0,7.3820736019626425,0.0,0.0,0.0,1.1275497809807387,0.1583495229464359,0.0,0.0,4.332027094110182,0.6667671466069091,1.0,1.0,0.9817316546018691,0.867497099432063,1.0,1.0,1.0,0.0,1.0
0.0,0.0,0.0,0.0,0.0,0.0,0.0,0.39165170959899637,1.2118718948266702,0.004473607793253115,0.9972179007779001,0.24424443052665512,0.0,0.9978641587061703,0.5439568371891832,0.396539838061349,0.4591921214817884,0.9784662316304822,0.02362105161269476,0.5033559380489026
12.284414674347444,0.30741309996634836,0.0,0.0,0.40817222568620837,0.0,0.0,0.0,0.0,0.0,1.0,1.0,1.0,1.0,1.0,0.9686021364856763,1.0,1.0,0.9755863004580285,1.0
0.002252313180975997,1.0316774354841423,0.0002473012421539787,0.0,11.965822950092727,0.0,0.0,0.0,0.0,0.0,1.0,1.0,1.0,1.0,1.0,0.07955208076209785,1.0,0.9997608714656971,0.0021784005962531827,1.0
0.0,0.0,6.307203002441418,1.1025148552233845,5.576299977611126,0.0,0.0,0.00869097365451521,0.0,0.0052911910695557784,0.9995929853023419,1.0,0.9993311913500869,1.0,1.0,0.5705919976127432,0.8512069047159583,0.0,0.8911817763385997,0.0
2.335395839167093,0.0,0.004243189649696698,0.0,10.59941490812126,0.0,0.0,0.0,0.06094606306193821,1.4432899320127035e-14,0.9999999999999989,0.9953118413029278,1.0,1.0,1.0,0.18081994558641212,1.0,0.9981863913204412,1.0,0.0
0.0,7.492137253873412,0.0,0.0,0.0,0.0584755800985432,2.7321769758617007,2.717210190166345,0.0,0.0,1.0,1.0,0.7909838315256658,0.7342961369054865,0.9922555186732065,1.0,1.0,1.0,0.0,1.0
0.0,0.0,0.0,0.0,8.35153371077392,0.0,0.0,0.0,0.3151329558926865,4.333333333333394,0.666666666666662,0.9636385050893052,1.0,1.0,1.0,0.0,1.0,0.8325370348435529,1.0,0.0
0.0,0.0,8.517572041885515,0.0,4.055004575825382,0.0,0.0,0.0,0.4274233822890841,1.7319479184152442e-14,0.9999999999999987,0.967121278285455,1.0,1.0,1.0,0.6774722716652108,1.0,0.0,0.0,0.0
11.679297105833818,0.0,0.25596842796858443,0.10289764863822932,0.05694550905409497,1.0578797523461718,0.25608098542811936,0.0,0.0030623941077073716,0.0,1.0,0.999771669847267,1.0,0.9809024043928692,0.9195711486508953,0.9952918563605684,0.9914523796463965,0.978553604254246,1.0,0.9976859581721765
9.899353224245363,0.27303820019902,0.0,0.0,0.0,0.4441601941774782,0.004528175352516289,2.374189058727079,1.355814269628114,0.0,1.0,0.9055253002110667,0.8173035828932825,0.9995736614882523,0.9581634215955392,1.0,1.0,1.0,0.9731588975682841,0.003971798000457216
8.391611857586586e-05,7.071561305920177e-05,0.00020140708981915102,0.0002526984036757514,0.0007923530149964693,0.001117869537013053,4.315760763093939e-05,0.0028357555142212907,1.8442230392024785,3.285586757509182e-15,0.9999999999999982,0.002918367144140288,0.4746531518459825,0.9831554916697127,0.5562177899154486,0.43447396013195794,0.5848809745094883,0.43431143548752305,0.5426836891014627,0.4962946707445304
0.0,0.0,0.0,0.0,0.0,4.9981579640788745,0.0,0.0,0.0,0.0,1.0,1.0,1.0,1.0,0.0,1.0,0.0,0.0011554207185097143,0.043480313653068925,0.20021839953140286
0.0,0.0,4.933402320132664,2.7778813036868732,0.0325392590948323,0.2514319838298451,0.0,0.0,0.0,3.9976274333721187,0.6666666666666661,1.0,1.0,1.0,0.9685523491095123,0.9957980367595151,0.6397640860846798,0.0,0.0,0.893806225799461
0.996510014032361,0.020958435040062603,0.01670860083484877,0.0,11.965822950092727,0.0,0.0,0.0,0.0,0.0,1.0,1.0,1.0,1.0,1.0,0.07955208076209785,1.0,0.9838435780059643,0.9794013907171575,1.0
0.0,0.0,4.485680595025922,0.0,0.007298884815429379,0.0,0.0,8.079597137869564,0.4274233822890847,0.0,1.0,0.967121278285455,0.3573634598903233,1.0,1.0,0.998375491175026,1.0,0.0,0.0,0.0
0.0,8.548925976730496,4.451074023269504,0.0,0.0,0.0,0.0,0.0,0.0,0.0,1.0,1.0,1.0,1.0,1.0,1.0,1.0,0.6576096905177304,0.0,1.0
0.0,0.0,12.743003560304876,0.0,0.20298812710044883,0.0,0.0,0.054008312594674424,0.0,0.0,1.0,1.0,0.9958455144157943,1.0,1.0,0.9843203879624047,1.0,0.0,0.991952689832427,0.0
0.12782886767023244,8.922888259371414,0.40918601297323653,0.0,0.0,0.0,0.0,2.5856834792108807,0.9486622303073107,0.0,1.0,0.9269936845682774,0.7853418383888491,1.0,1.0,1.0,1.0,0.9567452217092581,0.014123617595815319,0.0003297219600672009
12.5110956119397,0.0,0.20725091636625012,0.0,0.0,0.0,0.0,0.0,0.0,0.28165347169404886,0.978334348331227,1.0,1.0,1.0,1.0,1.0,1.0,0.9837045707234826,1.0,0.0
0.02485971086975045,0.002188382925300534,0.0,0.0011879204144319036,1.5496288108501843,0.0,0.0,1.188185286354575e-09,0.0,0.0006182298755611,0.9996083392386362,1.0,0.9999999992469664,1.0,1.0,0.017895078058042857,0.9579288916056379,1.0,0.9190928964576075,0.5033107756358899
0.0,0.04922342531662423,0.034883370756297924,0.0003398863270398692,12.423554279343188,0.4108654468835313,0.007754693423712335,0.0,0.0009584509660786549,0.07242044698352668,0.9944291963858826,0.9999258599831354,1.0,0.9994000989614771,0.9681964783992834,0.006751413168119336,0.9959751370050267,0.5852490834860313,0.0,1.0
0.0,0.0,8.851099865530722,0.0,4.148900134469259,0.0,0.0,0.0,0.0,1.7319479184152442e-14,0.9999999999999987,1.0,1.0,1.0,1.0,0.6808538358100565,1.0,0.0,1.0,0.0
0.0,0.0,0.0,5.959028372003114,6.0082169184292,1.0466963800838651,0.2581173402609062,0.0,0.14007281259964308,0.0,1.0,0.9895562603734999,1.0,0.9805518239444753,0.9195711486508953,0.49794486762691276,0.0,1.0,1.0,0.9976859581721765
0.0,4.039590454145113,0.0,0.0,5.385186955538359,0.0,0.0,0.0,0.0,3.5752225903165287,0.7249828776679593,1.0,1.0,1.0,1.0,0.42861388429127706,1.0,1.0,0.0,1.0
5.031936384753431e-05,0.0,11.511093557305614,0.0,0.0,0.0,0.0,1.4888561233305388,0.0,0.0,1.0,1.0,0.8854726058976509,1.0,1.0,1.0,1.0,4.37136086445071e-06,1.0,0.0
0.0,12.591827774313792,0.0,0.0,0.40817222568620837,0.0,0.0,0.0,0.0,0.0,1.0,1.0,1.0,1.0,1.0,0.9686021364856763,1.0,1.0,0.0,1.0
0.0,0.0,0.0,1.3661731252768825,0.0,2.6113110343334998,0.0,0.0,0.5231455398930056,2.3275635765129317,0.6591245322992862,0.8837617011791192,1.0,1.0,0.3434766979463489,1.0,0.0,1.0,0.0,0.5080921845578704
0.0,0.0,4.694322878368507,0.0,0.0,0.0,0.0,8.305677121631494,0.0,0.0,1.0,1.0,0.36110175987450055,1.0,1.0,1.0,1.0,0.0,0.6658792161044882,0.0
0.0,0.0,6.313994025867294,1.1037019430983586,5.582304031034333,0.0,0.0,0.0,0.0,1.4432899320127035e-14,0.9999999999999989,1.0,1.0,1.0,1.0,0.5705919976127432,0.8512069047159583,0.0,0.8911817763385997,0.0
0.320942235944385,0.0028075872071077973,0.01836895820142108,0.0,8.176019264728728,0.0,0.0,0.0,0.3214195277330573,4.1604424261853,0.6799659672165154,0.9636385050893052,1.0,1.0,1.0,0.04016356385657416,1.0,0.9463082437953837,0.991327911225471,0.0
0.0,0.0,7.195110163872205,0.0,4.298050750950458,0.0,0.8875393611116887,0.0,0.020607988398840392,0.5986917356668074,0.9539467895640917,0.998338240775926,1.0,0.9283126688046159,1.0,0.6260340577493101,1.0,0.0,0.949191504215813,0.0
4.920010735750284e-05,0.00011126178738984518,0.018917221776666514,1.7248471938314756,0.0,1.8210782279932292,0.0,0.0,0.9871257451814338,2.2760644253387676,0.6666666666666675,0.7831507460439071,1.0,1.0,0.48917906265335453,1.0,0.010939510019910392,0.008410973654405712,0.3066155203699287,0.5080921845578704
0.0,0.0,0.0,0.0,8.82076165150687,0.0,0.011482900448107467,0.0,0.0,4.167755448045021,0.6794034270734599,1.0,1.0,0.9986998887564129,1.0,0.0,1.0,0.9388479007787337,0.0,1.0
0.0,0.0,0.0,0.0,12.960557075860008,0.030254622941020312,0.0,0.0,0.49018935106580475,0.005223236141684278,0.9996126984075815,0.9636385050893052,1.0,1.0,0.997671075245913,0.0,1.0,0.0,0.9687614054876119,0.0024893998009402063
0.0,5.117560112738952,0.0,0.0,7.882439887261048,0.0,0.0,0.0,0.0,0.0,1.0,1.0,1.0,1.0,1.0,0.39365847021068856,1.0,1.0,0.0,1.0
11.53842107760668,0.0,0.5333906283798182,0.0,0.0037547449597818906,0.0,0.0,0.0,0.9238687647737254,9.52529970718626e-14,0.9999999999999927,0.9289300843119318,1.0,1.0,1.0,0.9996890626228563,1.0,0.9558151964783127,1.0,1.1559582301524696e-05
0.0,7.814741253626888,5.123191003743658,0.0,0.0,0.0,0.0,0.0,0.06206774262945314,0.0,1.0,0.9952255582592728,1.0,1.0,1.0,1.0,1.0,0.6040177903370105,0.0,1.0
0.13873588273351714,0.0,7.286666742338157,0.0,0.19096403722720082,0.0021087218286274492,2.7011004106419887,2.6804242052305085,0.0,0.0,1.0,1.0,0.7938135226745763,0.7382547050033733,0.9997232094714094,0.9749271475896144,1.0,0.018683954222910304,1.0,0.0
0.0,11.274129814518709,0.0,0.0,0.0,1.722028699324978,0.0036350649554092044,0.0,0.0,0.00020642120090430538,0.9999841214460843,1.0,1.0,0.9997203751787769,0.867497099432063,1.0,1.0,1.0,0.0,1.0
10.755759514555137,0.2953448939706393,1.8989157430750068,0.0,0.0,0.0,0.0,0.04997984839921643,0.0,0.0,1.0,1.0,0.9961553962769834,1.0,1.0,1.0,1.0,0.8533658078639919,0.9732746264036032,0.0
0.0,0.0,0.04207507313479267,3.1661130285298866,0.0,0.0,0.0023142145660935815,1.5538343934286662,0.0,0.0,1.0,1.0,0.673861339338517,0.9992791736812043,1.0,1.0,0.013114902182001287,0.0,0.13297222489100363,0.493380903463421
0.0,0.0,0.0,0.0,12.684729805447098,0.3014604745794956,0.0,0.0,0.0,0.013809719973404855,0.9989377138481996,1.0,1.0,1.0,0.9767860728913578,0.0,1.0,0.0,0.04010845820818443,0.0
0.00017736436406712525,0.025168903584901772,0.0006346564532289312,2.8860801066282446e-06,0.00025316944107107287,0.4361005653324981,0.0,12.537662454744128,0.0,0.0,1.0,1.0,0.035564426558144124,1.0,0.05674853836249677,0.9903506637650199,0.9998889277572051,0.9755722143136969,0.006997652057660841,1.0
0.0,10.118441736862803,2.881558263137198,0.0,0.0,0.0,0.0,0.0,0.0,0.0,1.0,1.0,1.0,1.0,1.0,1.0,1.0,0.7783416720663694,0.0,1.0
0.2423425363443729,0.6875774309027287,1.2001205335541398,0.04820960094166743,0.0,3.8333890760869394,0.0,0.0,0.02042912105308698,2.789490812147294,0.6837870973783542,0.9966132477218684,1.0,1.0,0.36233879601024876,1.0,0.9778677384644248,0.43657384303129476,0.2606057992945287,0.6918056371424971
11.075054458572154,0.0,1.870325466079678,0.0,0.05462007534816782,0.0,0.0,0.0,0.0,0.0,1.0,1.0,1.0,1.0,1.0,0.9957984557424486,1.0,0.8555217786603524,1.0,0.0
0.0,0.0,12.084578749142748,0.0,0.0,0.0,0.0,0.0,0.0,0.9154212508572511,0.9295829807032884,1.0,1.0,1.0,1.0,1.0,1.0,0.0,1.0,0.0
12.71834652830595,0.0,0.0,0.0,0.0,0.0,0.0,0.0,0.0,0.28165347169404886,0.978334348331227,1.0,1.0,1.0,1.0,1.0,1.0,1.0,1.0,0.0
0.0,0.0,4.6383978332325935,0.0,8.327368556166602,0.0,0.0,0.034233610600802544,0.0,0.0,1.0,1.0,0.9973666453383998,1.0,1.0,0.35774189461140876,1.0,0.0,0.0,1.0
0.0,0.0,0.03331530685045766,3.2771390173131985,9.63481136538595,0.0,0.0,0.0,0.012852222663352366,0.04188208778704072,0.9967783009394584,0.9990081721164739,1.0,1.0,1.0,0.2557270282089385,0.010063666067609722,0.0,0.9944449156570172,0.0
0.0,0.0,0.0,1.199837540238237,0.0,2.293376256831781,0.0,0.0,0.45945103600586085,2.875528442940441,0.5788741872552747,0.8837617011791192,1.0,1.0,0.3434766979463489,1.0,0.0,0.019018598633842587,0.0,0.5080921845578704
0.0,0.0,9.244076640265721,2.671962419028164,0.0007679359210801505,0.0,0.10549543047494596,0.0,0.9776975743100509,3.752553823233029e-14,0.9999999999999971,0.924792494283842,1.0,0.9912250227336223,1.0,0.9999355585836551,0.7757675679197968,0.0,0.0,1.0
0.004533499481980173,0.7248283004195409,0.0,0.0,0.8491212562218927,0.0,0.0,0.0,0.0,0.0,1.0,1.0,1.0,1.0,1.0,0.4620650168350593,1.0,1.0,0.006215707324666975,0.5033107756358899
11.845836677915209,0.29158225031022444,0.0,0.0,0.15415805787593068,0.0,0.0,0.0,0.0015933969419228056,0.7068296169567141,0.9456284910033297,0.9998703835632083,1.0,1.0,1.0,0.9874582359895525,1.0,1.0,0.97597658513441,0.0
0.0,7.536685679371548,5.278816651001387,0.0,0.10160215268316877,0.0,0.0,0.0,0.08251020492650422,0.0003853120173935576,0.9999703606140466,0.9936528730345539,1.0,1.0,1.0,0.992134293500804,1.0,0.5880913198001992,0.0,1.0
0.0,0.0,0.0,1.545373442440322,0.00019791372980632865,2.9542138269619946,0.0,0.0,0.0008445163712649526,2.3275635765129317,0.6591245322992862,0.9998123559529107,1.0,1.0,0.3434766979463489,0.9998719478534484,0.0,1.0,0.0,0.5080921845578704
0.0,0.0,13.0,0.0,0.0,0.0,0.0,0.0,0.0,0.0,1.0,1.0,1.0,1.0,1.0,1.0,1.0,0.0,0.0,1.0
0.0,6.2150629531470925,0.05184242767349757,0.0,6.73309461917941,0.0,0.0,0.0,0.0,0.0,1.0,1.0,1.0,1.0,1.0,0.4820696446785069,1.0,0.9917275872981651,0.0,1.0
0.0,6.26690538082059,0.0,0.0,6.73309461917941,0.0,0.0,0.0,0.0,0.0,1.0,1.0,1.0,1.0,1.0,0.4820696446785069,1.0,1.0,0.0,1.0
0.02629517274446081,5.18850080677845,3.098279988425367,0.18815138719747226,0.0,0.21735164282212063,0.0,0.0,0.02950740384564812,0.07347270921671255,0.9916712331355526,0.9966269876073091,1.0,1.0,0.9750702903681,1.0,0.9778677384644248,0.6273004119809525,0.005042416395140831,0.6918056371424971
0.0,0.0,0.0,0.0,0.0,0.0,0.0,0.0,0.0,4.743259790316056,0.0,0.9915760957878114,0.5478492152145672,1.0,0.9837561050193857,0.5219239730810847,0.0,0.0,0.6067796420993326,0.6951117819390897
0.0,0.0,0.0,0.0,0.0,0.0,0.0,13.0,0.0,0.0,1.0,1.0,0.0,1.0,1.0,0.9880445472603074,1.0,1.0,1.0,1.0
0.0,0.0,6.511306832803659,0.11632662630751067,0.0,0.0001326642711557745,0.0,0.0,0.0,7.358298552009681e-15,0.9999999999999989,1.0,1.0,1.0,0.9999799835617784,1.0,0.9824482408351063,0.0,1.0,0.19607943952692136
0.0,8.789692697655365,0.0,0.0,0.0,0.0,4.210307302344635,0.0,0.0,0.0,1.0,1.0,1.0,0.6761302075119512,1.0,1.0,1.0,1.0,0.0,1.0
0.0,0.5843644973169304,10.929211013231,0.0,0.0,0.0,0.0,1.4864244894520675,0.0,0.0,1.0,1.0,0.8856596546575333,1.0,1.0,1.0,1.0,0.0507543896143797,0.0,0.0
0.2776960600659359,0.009290006406487474,0.0,0.42266588968573376,0.0,0.0,0.0,12.224333801263445,0.06601424257839672,0.0,1.0,0.9949219813401233,0.054867228823949676,1.0,1.0,1.0,0.4044039672998012,1.0,0.9676290681262738,0.0
0.0,5.535395559928197,0.0,0.0,7.3792480454256095,0.0,0.0,0.0,0.0,0.0853563946461946,0.9934341234887543,1.0,1.0,1.0,1.0,0.42861388429127706,1.0,1.0,0.0,1.0
0.0,0.0,8.020414805776078,0.0,0.0,0.0,0.0,0.0,0.6462518608906069,4.333333333333316,0.666666666666668,0.9254324775895455,1.0,1.0,1.0,1.0,1.0,0.0,0.6963759043686977,0.0
10.354896639802446,0.28433750736252617,1.8281439093749228,0.0,0.0,0.0,0.0,0.04811711934861788,0.0,0.48450482411148776,0.9627303981452702,1.0,0.9961553962769834,1.0,1.0,1.0,1.0,0.8533658078639919,0.9732746264036032,0.0
0.0,0.0,0.0,0.0,0.0,0.0,3.847264255396687,0.0,0.0,1.110543553121281e-14,0.9999999999999971,1.0,1.0,0.0,1.0,0.0,0.7580969999304543,0.7635985291887561,0.7738460060555549,0.40544741115421457
11.004447269634928,0.1434243247822894,1.7351147224697452,0.0,0.0,0.0,0.0,0.11701368311296671,0.0,6.927791673660977e-14,0.9999999999999947,1.0,0.9909989474528487,1.0,1.0,1.0,1.0,0.8653173511334585,0.9871343759597917,1.0
0.0,0.0,0.0,0.0,0.0,0.0,0.0,11.301719898589743,1.6982801014102575,0.0,1.0,0.8693630691222879,0.0,1.0,0.9977068976422148,1.0,1.0,1.0,0.9978267474526828,0.0
0.0,2.638153922334028,0.0,0.0,3.44826141689552,0.004100752564995501,2.782721245265107,0.0,0.0,4.126762662940349,0.6825567182353578,1.0,1.0,0.6863916584713798,0.9993266986732832,0.4334495388985366,1.0,1.0,0.0,1.0
0.0,3.417610278651021,0.0,0.31452878795824774,4.934527600057437,0.0,0.0,0.0,0.0,4.333333333333295,0.6666666666666696,1.0,1.0,1.0,1.0,0.430631430762606,0.9157242583020884,1.0,0.0,1.0
0.0,0.0,11.233870926318419,0.0,0.2081145347972346,0.0,0.0,0.0,1.2266722671523345,0.33134227173201136,0.9745121329436914,0.9031726727911181,1.0,1.0,1.0,0.9818113267575379,1.0,0.0,0.0,0.0
0.0,0.0,12.909416820052561,0.0,0.0,0.0,0.0,0.0,0.0905831799474387,0.0,1.0,0.9930320630809663,1.0,1.0,1.0,1.0,1.0,0.0,0.7174381662396934,0.0
0.0,6.3648123919258905,0.017324908846397334,1.0355586681933646,5.582304031034333,0.0,0.0,0.0,0.0,1.4432899320127035e-14,0.9999999999999989,1.0,1.0,1.0,1.0,0.5705919976127432,0.8603934870711928,0.997285406435192,0.0,0.0
0.0,12.149029576250369,0.7221431158100472,0.011773260834286356,0.0,0.10171711037796907,0.0,0.0,0.0005375842590924002,0.008893991864408233,0.9993155358560001,0.9999586002347068,1.0,1.0,0.9921663650506514,1.0,0.9990861359756275,0.9438945360234735,0.0,0.9996812714604324
12.472373624487341,0.0,0.12526955313362415,0.0,0.0,0.0,0.0,0.1037911124965766,0.29856570988245823,0.0,1.0,0.9770334069321186,0.991828394327298,1.0,1.0,1.0,1.0,0.9900561119752813,1.0,0.0
0.0,0.0,12.013080283880054,0.9869197161199459,0.0,0.0,0.0,0.0,0.0,0.0,1.0,1.0,1.0,1.0,1.0,1.0,0.9240830987600042,0.0,0.3775148561085082,0.0
0.031948179501596126,1.5374022309871056,0.0,0.0,0.0,0.009132645634711946,0.0,0.0,0.0,0.0,1.0,1.0,1.0,1.0,0.9942142897262763,1.0,1.0,1.0,0.02035758189380238,0.5033107756358899
13.0,0.0,0.0,0.0,0.0,0.0,0.0,0.0,0.0,0.0,1.0,1.0,1.0,1.0,1.0,1.0,1.0,1.0,1.0,0.0
0.0002655204505436356,0.00022797094861993136,0.8760623487778494,0.0,0.0,0.0,0.0,12.123444159822988,0.0,0.0,1.0,1.0,0.06742737232130869,1.0,1.0,1.0,1.0,0.0005629891177998548,0.5380447379501933,0.0
0.00175100097611568,6.4899675410262635e-06,0.329416787427396,0.06127874844683362,12.460544083565535,0.14700288961653604,0.0,0.0,0.0,4.18554080283684e-14,0.9999999999999968,1.0,1.0,1.0,0.9886920854141126,0.030533969894137702,0.8438571134392872,0.005306846148503075,0.996307254063271,1.0
0.0,12.45612448074201,0.0,0.0,0.0,0.5438755192579898,0.0,0.0,0.0,0.0,1.0,1.0,1.0,1.0,0.9581634215955392,1.0,1.0,1.0,0.0,1.0
0.0,0.0,0.008210078694016975,0.0,10.805602645955112,1.6426364036043595,0.0,0.0,0.4700259580643706,0.07352491368214098,0.9943442374090661,0.9636385050893052,1.0,1.0,0.8681296421884338,0.0007592214608361791,1.0,0.0,0.991327911225471,0.0
8.957808645167242,0.0,0.0,0.0,0.0,0.0,0.0,2.3439112534225,1.6982801014102575,0.0,1.0,0.8693630691222879,0.792605791467635,1.0,1.0,1.0,1.0,1.0,1.0,0.0
0.2759083367750492,0.0,12.589112902501197,0.0,0.0,0.0,0.0,0.0,0.1349787607237095,4.3298697960381105e-14,0.9999999999999967,0.9896170184058685,1.0,1.0,1.0,1.0,1.0,0.02144639574575402,1.0,0.0
0.0,0.0,0.30760487785677143,0.4081232227807921,0.0,0.0,0.0,12.033391809016782,0.2508800903456553,0.0,1.0,0.9807015315118727,0.056139412422937074,1.0,1.0,1.0,0.4297789587732549,0.0,0.5382456417009631,0.0
0.0,12.802581766351349,0.0,0.0,0.0,0.0,0.1974182336486523,0.0,0.0,0.0,1.0,1.0,1.0,0.9848139820270267,1.0,1.0,1.0,1.0,0.0,1.0
0.0,0.0,0.0,6.315765260382705,0.0,0.0,0.0,0.0,0.0,0.0,1.0,1.0,1.0,1.0,1.0,1.0,0.0,0.2752372201813643,0.0,0.30636130608220175
0.0,0.0,0.13173289604289024,0.07417565510615619,7.782811617653636,0.006534697941533119,0.0,0.0,0.0,3.9976274333721187,0.6666666666666661,1.0,1.0,1.0,0.999182677969565,0.025774910974245224,0.6397640860846798,0.0,0.0,0.893806225799461
0.04140336388410758,0.0355194398998018,11.207408489947985,0.0,0.0,0.0,0.0,0.10216299531546381,1.1795684604525207,0.43393725050012133,0.9666202114999907,0.9061306246859648,0.9910277041623132,1.0,1.0,1.0,1.0,0.006816779991796029,0.5382456417009631,0.0
0.0,0.0,11.513575510547932,0.0,0.0,0.0,0.0,1.4864244894520675,0.0,0.0,1.0,1.0,0.8856596546575333,1.0,1.0,1.0,1.0,0.0,0.6658792161044882,0.0
0.0,0.0,0.5322658017086564,5.783499458674048,0.0,0.0,0.0,0.0,0.0,0.0,1.0,1.0,1.0,1.0,1.0,1.0,0.08427574169791163,0.0,0.0,0.30636130608220175
0.0,0.0,0.3033658291168801,4.692132778575746,0.0,0.002659356386245424,0.0,0.0,0.0,2.7745350262169813e-15,0.9999999999999994,1.0,1.0,1.0,0.9994679327053371,1.0,0.06072783778774826,0.0,0.0,0.20021839953140286
0.0,2.462336343446342,0.037130253399957486,0.09800207734668698,0.015571291325361935,4.598553146482936,0.0,1.609965999028945,0.0,0.0,1.0,1.0,0.8174964335934802,1.0,0.36233879601024876,0.9940409287531609,0.9622701600522149,0.9851447291006783,0.0,0.6918056371424971
0.0,0.00298402123047137,0.0005113717516439157,0.0,0.0,0.0,8.948969488800985,0.0,0.0,0.0,1.0,1.0,1.0,0.00039043917270514816,1.0,1.0,1.0,0.8537012134943259,0.0,0.10235503504972732
0.0,0.00043741463190190614,7.401086722451064,0.0,0.0,0.0,0.0,0.0,1.441858936838788,4.156616926078247,0.6802602364555195,0.8369561824036906,1.0,1.0,1.0,1.0,1.0,5.909791332171441e-05,0.0,0.0
0.0,0.0,5.691966226656613,0.0,0.0,0.0,5.741944410985525,1.5660893623578613,0.0,0.0,1.0,1.0,0.8795315875109337,0.4978144754706943,1.0,1.0,1.0,0.0,0.5109328471563487,0.0
11.921516310271304,0.0,0.0,0.0,0.0,0.0,0.0,0.0,1.078483689728696,0.0,1.0,0.9170397161747157,1.0,1.0,1.0,1.0,1.0,1.0,1.0,0.0
0.7936048024404767,7.996087895214888,0.0,0.0,0.0,0.0,4.210307302344635,0.0,0.0,0.0,1.0,1.0,1.0,0.6761302075119512,1.0,1.0,1.0,1.0,0.09028811697275485,1.0
0.0,0.0,0.0,0.0,0.0,0.0,1.000556655349112,0.0,0.0013944401064651425,0.0,1.0,0.9986082752813089,1.0,0.0,1.0,1.0,0.982731262074997,1.0,1.0,0.3999012272806088
0.0,3.880461218853117,0.0,0.0,4.687797152291225,0.0,0.09046507805263006,0.0,0.007943217469733919,4.333333333333295,0.6666666666666696,0.9990834749073384,1.0,0.9895521460428419,1.0,0.4528879791862367,1.0,1.0,0.0,1.0
8.37081782795959,0.0,0.0,0.0,0.36371447821253994,0.0,0.0,0.0,0.0,4.265467693827871,0.6718871004747792,1.0,1.0,1.0,1.0,0.958359020785174,1.0,1.0,1.0,1.0
0.005703122003008394,0.00012848656761179034,0.007595642231731105,0.00952164783196271,0.029133678365580395,0.037631538058218256,0.0014128520943356095,0.0008315802105598617,1.757662364738462,3.285586757509182e-15,0.9999999999999982,0.04971751063223451,0.9909570101485272,0.9844957849637197,0.5805393829739914,0.44062525236338695,0.5850934729510022,0.43431143548752305,0.9779672167540343,0.4962946707445304
0.0,0.0,12.493023975350777,0.0,0.37031278865619915,0.0,0.0,0.13647967443598055,0.00018356155704435384,0.0,1.0,0.9999858798802274,0.9895014152636507,1.0,1.0,0.9712117629002472,1.0,0.0,0.0,0.0
0.0,9.450986675818248,0.001493635577732792,0.0,0.01942691287368889,0.07392753907336645,3.454144786558518,2.0450098446533893e-05,0.0,0.0,1.0,1.0,0.9999984269155041,0.7342961369054865,0.9922555186732065,0.997948996710619,1.0,0.9998419847988541,0.0,1.0
11.799249537294918,0.0,0.0,0.0,0.0,0.0,0.0,0.0,1.2007504627050822,0.0,1.0,0.9076345797919168,1.0,1.0,1.0,1.0,1.0,1.0,1.0,0.0
4.228690343115394e-05,0.002951769197583866,0.0001693090014281532,0.0,10.170477165030704,0.0,0.0,2.780769935256876,0.03974549638184056,0.0,1.0,0.9969412791027928,0.7853418383888491,1.0,1.0,0.0003109373771437718,1.0,0.9464781977592817,0.014123617595815319,0.0003233068328054433
0.0,1.2339945077542838,1.6458822208725998,0.0,5.170275551566919,0.005017421462862097,3.6875355705140346e-05,4.944793422987629,0.0,0.0,1.0,1.0,0.6196312751547978,0.9999954221713183,0.9993771178449747,0.35774189461140876,1.0,0.4284886556038975,0.0,1.0
0.03548700497251124,0.01780645142956199,4.641029421966434,0.0,0.0,0.0,0.0,8.305677121631494,0.0,0.0,1.0,1.0,0.36110175987450055,1.0,1.0,1.0,1.0,0.011352746239005007,0.6658792161044882,0.0
